0.25,-2.88,-10.28
0.25,-2.86,-10.27
0.25,-2.88,-10.29
0.23,-2.89,-10.25
0.23,-2.85,-10.30
0.23,-2.86,-10.30
0.25,-2.85,-10.33
0.25,-2.86,-10.28
0.25,-2.86,-10.30
0.24,-2.86,-10.28
0.24,-2.87,-10.32
0.24,-2.85,-10.27
0.23,-2.88,-10.30
0.23,-2.89,-10.29
0.26,-2.87,-10.30
0.25,-2.89,-10.30
0.24,-2.85,-10.30
0.23,-2.87,-10.31
0.24,-2.89,-10.30
0.24,-2.86,-10.28
0.25,-2.87,-10.28
0.25,-2.88,-10.30
0.25,-2.86,-10.30
0.22,-2.89,-10.28
0.23,-2.86,-10.31
0.25,-2.86,-10.30
0.23,-2.89,-10.27
0.23,-2.88,-10.29
0.25,-2.85,-10.30
0.24,-2.86,-10.29
0.24,-2.87,-10.28
0.25,-2.86,-10.30
0.25,-2.87,-10.26
0.23,-2.86,-10.29
0.25,-2.87,-10.30
0.24,-2.87,-10.29
0.27,-2.86,-10.30
0.24,-2.87,-10.31
0.23,-2.86,-10.28
0.24,-2.86,-10.30
0.24,-2.87,-10.29
0.27,-2.85,-10.29
0.25,-2.88,-10.27
0.24,-2.87,-10.28
0.26,-2.87,-10.29
0.26,-2.88,-10.28
0.24,-2.88,-10.30
0.24,-2.86,-10.28
0.23,-2.86,-10.28
0.25,-2.87,-10.29
0.24,-2.87,-10.32
0.25,-2.85,-10.29
0.26,-2.85,-10.27
0.24,-2.86,-10.29
0.24,-2.86,-10.28
0.24,-2.86,-10.31
0.24,-2.86,-10.29
0.24,-2.86,-10.31
0.25,-2.86,-10.31
0.23,-2.87,-10.30
0.24,-2.86,-10.28
0.25,-2.88,-10.31
0.24,-2.87,-10.31
0.23,-2.87,-10.30
0.23,-2.84,-10.28
0.24,-2.87,-10.28
0.24,-2.86,-10.30
0.25,-2.86,-10.31
0.23,-2.88,-10.31
0.23,-2.87,-10.30
0.27,-2.84,-10.30
0.24,-2.89,-10.29
0.25,-2.86,-10.28
0.24,-2.87,-10.28
0.21,-2.89,-10.28
0.24,-2.88,-10.26
0.24,-2.86,-10.29
0.25,-2.87,-10.29
0.25,-2.88,-10.28
0.24,-2.86,-10.29
0.25,-2.88,-10.29
0.26,-2.87,-10.27
0.25,-2.86,-10.30
0.25,-2.88,-10.29
0.23,-2.85,-10.27
0.25,-2.86,-10.27
0.26,-2.86,-10.26
0.23,-2.85,-10.29
0.24,-2.88,-10.29
0.24,-2.88,-10.30
0.21,-2.88,-10.33
0.28,-2.87,-10.29
0.20,-2.85,-10.28
0.27,-2.87,-10.27
0.22,-2.86,-10.29
0.27,-2.89,-10.27
0.26,-2.87,-10.27
0.23,-2.87,-10.28
0.25,-2.86,-10.30
0.24,-2.83,-10.29
0.21,-2.85,-10.28
0.25,-2.85,-10.32
0.23,-2.87,-10.30
0.24,-2.86,-10.29
0.24,-2.85,-10.30
0.24,-2.86,-10.31
0.23,-2.88,-10.31
0.26,-2.87,-10.28
0.21,-2.87,-10.29
0.22,-2.84,-10.30
0.25,-2.86,-10.31
0.19,-2.86,-10.28
0.20,-2.84,-10.29
0.24,-2.85,-10.30
0.24,-2.87,-10.27
0.21,-2.87,-10.35
0.26,-2.88,-10.29
0.21,-2.88,-10.30
0.22,-2.87,-10.29
0.25,-2.88,-10.31
0.22,-2.86,-10.29
0.23,-2.87,-10.26
0.25,-2.87,-10.30
0.22,-2.86,-10.33
0.24,-2.87,-10.33
0.25,-2.88,-10.30
0.21,-2.85,-10.28
0.25,-2.86,-10.27
0.24,-2.88,-10.30
0.21,-2.85,-10.28
0.28,-2.88,-10.27
0.22,-2.87,-10.29
0.22,-2.84,-10.29
0.28,-2.86,-10.27
0.23,-2.87,-10.27
0.22,-2.86,-10.28
0.28,-2.88,-10.26
0.19,-2.85,-10.26
0.23,-2.87,-10.28
0.28,-2.88,-10.26
0.22,-2.85,-10.29
0.24,-2.87,-10.26
0.24,-2.87,-10.33
0.22,-2.86,-10.29
0.26,-2.87,-10.29
0.24,-2.87,-10.30
0.22,-2.87,-10.25
0.24,-2.87,-10.30
0.25,-2.86,-10.27
0.22,-2.85,-10.31
0.28,-2.89,-10.30
0.25,-2.87,-10.28
0.24,-2.87,-10.29
0.23,-2.85,-10.30
0.26,-2.80,-10.18
0.23,-2.83,-10.34
0.24,-2.87,-10.36
0.23,-2.87,-10.38
0.28,-2.89,-10.22
0.26,-2.84,-10.31
0.22,-2.86,-10.18
0.24,-2.90,-10.36
0.22,-2.83,-10.37
0.26,-2.80,-10.21
0.15,-2.90,-10.41
0.16,-2.92,-10.57
0.28,-2.80,-10.16
0.17,-2.88,-10.49
0.48,-1.05,-10.69
-0.65,-4.82,-9.99
-0.35,-3.20,-10.83
0.19,-2.98,-9.84
0.84,-2.49,-10.21
-0.04,-2.94,-10.78
-0.03,-3.38,-10.45
0.40,-2.56,-11.49
0.10,-2.69,-10.81
1.04,-4.36,-13.27
2.72,-3.11,-10.95
3.84,-3.14,-7.43
3.57,-4.36,-10.02
3.49,-4.41,-10.34
4.52,-3.86,-11.31
4.11,-4.42,-10.40
4.55,-4.40,-9.98
5.06,-5.74,-9.77
5.28,-4.85,-9.59
5.93,-5.08,-9.47
5.95,-5.94,-8.61
6.51,-5.86,-8.43
6.99,-6.60,-7.15
6.71,-5.38,-6.56
6.60,-5.04,-4.79
6.63,-4.92,-5.04
7.37,-6.86,-4.72
7.06,-5.99,-3.89
6.96,-5.58,-0.74
6.77,-5.79,0.46
7.26,-7.25,-0.36
6.48,-6.97,-1.29
6.44,-7.25,-1.51
4.52,-6.91,0.95
5.51,-8.55,-0.56
3.68,-6.87,1.04
4.48,-7.48,-1.09
4.02,-7.68,-2.26
4.27,-9.75,-4.31
4.05,-9.55,-6.02
4.33,-7.97,-5.62
4.63,-7.90,-7.55
4.05,-6.69,-7.70
3.91,-6.37,-8.72
3.97,-6.53,-7.79
4.05,-6.95,-6.96
3.24,-5.79,-6.26
3.33,-6.49,-6.41
3.34,-7.44,-5.85
4.13,-7.84,-5.41
3.77,-8.29,-4.20
2.92,-6.96,-4.07
1.75,-7.91,-8.61
1.94,-10.17,-0.45
1.06,-8.95,-0.63
0.82,-10.28,-2.96
0.75,-7.43,-4.95
-2.96,-7.73,-4.41
-5.09,-7.42,-1.21
-5.31,-6.78,-3.23
-6.05,-8.02,-2.98
-5.66,-7.45,-5.00
-7.18,-8.46,-5.08
-5.12,-6.77,-5.26
-6.53,-7.42,0.99
-6.36,-9.49,-10.13
-4.71,-9.07,-3.73
-4.72,-6.61,-5.58
-4.61,-7.49,-5.92
-5.42,-11.18,-3.17
-3.94,-7.90,-3.73
-2.98,-8.66,-4.89
-1.97,-7.61,-4.81
-2.47,-8.52,-2.25
-1.92,-7.47,-3.40
-2.43,-9.25,-4.35
-1.99,-9.42,-2.19
-2.18,-9.54,-3.58
-2.61,-8.80,-3.08
-2.80,-9.63,-3.48
-2.39,-10.17,-2.83
-1.59,-10.36,-2.40
-0.28,-9.52,-1.58
0.24,-9.84,-0.45
1.09,-10.52,-0.62
-0.51,-9.73,0.71
-0.38,-11.72,-1.62
-0.99,-10.03,-0.34
2.50,-9.63,-0.02
1.01,-9.26,-3.86
0.13,-8.61,-10.67
0.18,-8.91,-6.29
-1.00,-8.81,-6.65
-1.12,-8.25,-5.54
-1.59,-8.57,-5.45
-1.68,-8.99,-5.92
-1.30,-9.34,-5.85
-1.46,-8.98,-5.52
-1.36,-9.13,-5.12
-1.50,-9.32,-4.85
-1.17,-9.18,-4.21
-1.46,-9.72,-5.36
-0.78,-9.04,-3.75
-1.54,-9.11,-4.08
-1.30,-10.09,-4.64
-1.91,-10.25,-4.90
-1.88,-10.77,-4.85
-1.97,-9.73,-3.89
-2.18,-9.75,-3.31
-1.96,-8.77,-2.78
-1.66,-8.67,-2.10
-1.94,-8.90,-2.86
-1.43,-8.94,-2.22
-1.94,-8.91,-2.30
-2.09,-9.56,-2.03
-2.50,-8.99,-2.84
-2.15,-9.00,-1.62
-2.66,-9.18,-1.94
-2.64,-9.67,-1.04
-2.69,-9.22,-1.45
-2.24,-9.38,-0.91
-2.77,-9.58,-1.55
-1.69,-9.25,-0.54
-2.34,-10.03,-2.32
-2.93,-9.29,-1.34
-3.33,-9.13,-2.16
-2.41,-10.66,-1.44
-1.87,-9.37,-1.85
-2.11,-8.88,-1.03
-2.99,-8.63,-0.39
-2.44,-8.88,-0.78
-2.34,-8.53,-0.91
-3.28,-9.69,-1.79
-2.90,-10.00,0.05
ets Jun  8 2016 00:22:57

rst:0x1 (POWERON_RESET),boot:0x13 (SPI_FAST_FLASH_BOOT)
configsip: 0, SPIWP:0xee
clk_drv:0x00,q_drv:0x00,d_drv:0x00,cs0_drv:0x00,hd_drv:0x00,wp_drv:0x00
mode:DIO, clock div:1
load:0x3fff0018,len:4
load:0x3fff001c,len:1216
ho 0 tail 12 room 4
load:0x40078000,len:10944
load:0x40080400,len:6388
entry 0x400806b4










-,-,-
3.42,-8.21,-4.46
2.89,-7.41,-6.37
2.15,-7.29,-6.47
2.39,-7.88,-6.39
1.83,-7.82,-5.60
1.19,-7.44,-8.60
0.58,-7.95,-9.20
1.16,-7.69,-7.62
1.48,-7.59,-7.75
1.48,-7.72,-6.22
2.10,-6.87,-5.99
2.43,-7.11,-7.27
2.73,-6.83,-7.20
2.64,-6.96,-7.80
2.44,-6.37,-7.91
1.56,-6.64,-8.75
1.38,-7.17,-7.72
2.07,-6.91,-5.51
3.10,-6.51,-5.81
3.34,-5.64,-9.63
3.22,-6.94,-8.88
3.34,-7.01,-8.03
3.07,-6.86,-8.48
2.82,-6.52,-7.76
2.51,-6.39,-8.05
2.07,-6.80,-7.80
1.80,-6.97,-8.33
2.06,-6.44,-8.10
1.97,-6.34,-7.85
1.70,-6.51,-7.95
1.99,-6.71,-8.43
1.65,-6.49,-8.77
1.55,-6.65,-8.02
1.43,-6.91,-8.17
1.74,-7.01,-7.73
2.17,-6.56,-7.37
3.03,-5.75,-7.89
2.22,-6.21,-8.71
1.39,-6.88,-8.00
0.80,-7.44,-7.97
1.14,-6.51,-7.30
2.33,-6.69,-8.41
1.79,-7.23,-7.94
2.20,-6.30,-7.32
2.90,-5.54,-7.45
2.09,-6.65,-8.34
1.54,-6.47,-8.22
1.29,-6.29,-7.91
0.92,-6.68,-8.09
1.02,-6.45,-7.85
1.21,-6.19,-8.22
1.02,-6.34,-8.43
0.97,-6.20,-9.22
1.29,-5.22,-9.21
1.07,-5.01,-10.22
0.18,-5.67,-9.27
-0.42,-5.88,-9.03
-0.65,-5.82,-8.63
-0.30,-5.85,-8.50
0.46,-5.61,-8.83
1.09,-5.19,-9.01
1.08,-5.03,-9.76
0.60,-5.48,-9.72
0.14,-5.41,-9.12
0.13,-5.00,-8.63
-0.23,-5.50,-9.41
-0.19,-5.90,-9.58
0.43,-5.27,-8.87
0.97,-4.80,-8.81
0.76,-4.94,-9.28
0.14,-5.38,-9.43
-0.06,-5.36,-9.33
-0.00,-5.37,-9.40
0.28,-5.31,-9.26
0.56,-5.07,-9.30
0.28,-5.10,-9.34
0.17,-5.08,-9.07
0.07,-5.04,-9.30
-0.02,-5.03,-9.21
0.15,-5.27,-9.68
0.27,-5.32,-9.36
0.47,-4.93,-9.21
0.32,-4.97,-9.20
0.14,-5.07,-9.33
-0.09,-5.15,-9.29
-0.04,-5.12,-9.51
0.08,-5.17,-9.38
0.22,-5.28,-9.44
0.47,-4.87,-9.29
0.24,-4.94,-8.93
0.06,-5.07,-9.34
-0.09,-5.14,-9.30
-0.20,-5.18,-9.51
-0.13,-5.11,-9.19
0.06,-5.09,-9.01
0.11,-5.04,-9.36
0.02,-4.92,-9.56
-0.19,-5.06,-9.34
-0.18,-5.10,-9.51
-0.08,-4.99,-9.39
-0.15,-4.98,-9.30
-0.08,-5.00,-9.44
-0.12,-4.87,-9.17
-0.19,-5.26,-9.59
-0.02,-5.20,-9.48
-0.04,-5.03,-9.12
0.02,-4.94,-9.38
0.04,-4.93,-9.42
-0.01,-5.00,-9.24
-0.08,-5.11,-9.32
0.11,-4.86,-9.32
-0.24,-5.09,-9.45
-0.26,-5.11,-9.35
-0.15,-4.98,-9.17
-0.07,-4.93,-9.29
-0.16,-5.12,-9.44
-0.18,-5.11,-9.40
0.08,-4.78,-9.12
0.13,-4.81,-9.59
-0.39,-5.11,-9.48
-0.46,-5.05,-9.34
-0.02,-4.65,-8.83
0.02,-4.71,-9.19
-0.35,-5.30,-9.92
-0.15,-5.39,-10.27
0.22,-4.72,-9.14
0.20,-4.78,-9.32
-0.05,-4.97,-9.11
-0.37,-4.81,-9.49
-0.65,-4.89,-9.22
-0.51,-4.91,-9.56
-0.14,-4.90,-9.45
0.04,-4.78,-9.44
0.03,-4.95,-9.45
-0.15,-5.00,-9.53
-0.34,-5.16,-9.53
-0.26,-5.09,-9.79
-0.23,-4.77,-9.25
-0.17,-4.67,-9.14
-0.52,-5.10,-9.60
-0.54,-4.98,-9.46
-0.39,-4.62,-9.07
-0.32,-4.78,-9.05
-0.35,-4.73,-9.32
-0.51,-3.86,-8.56
-0.62,-4.55,-7.40
-0.72,-6.85,-10.88
-0.63,-5.15,-15.08
0.40,-3.57,-7.49
0.23,-4.08,-6.80
-1.05,-5.49,-10.44
-0.56,-4.42,-10.52
-1.18,-4.83,-8.78
-0.61,-4.84,-9.55
-0.22,-4.75,-9.91
-0.33,-4.61,-9.11
-0.48,-4.73,-9.56
-0.70,-4.76,-9.51
-0.77,-4.73,-9.44
-0.66,-4.73,-9.36
-0.40,-4.67,-9.67
-0.45,-4.74,-9.34
-0.37,-4.67,-9.51
-0.64,-4.80,-9.54
-0.73,-4.81,-9.53
-0.64,-4.72,-9.50
-0.56,-4.68,-9.46
-0.60,-4.66,-9.47
-0.65,-4.68,-9.50
-0.70,-4.72,-9.49
-0.51,-4.77,-9.52
-0.47,-4.67,-9.41
-0.60,-4.77,-9.53
-0.62,-4.77,-9.55
-0.67,-4.69,-9.32
-0.59,-4.70,-9.66
-0.61,-4.73,-9.48
-0.53,-4.62,-9.35
-0.64,-4.80,-9.61
-0.65,-4.75,-9.49
-0.49,-4.61,-9.38
-0.58,-4.77,-9.62
-0.61,-4.66,-9.41
-0.69,-4.75,-9.53
-0.59,-4.70,-9.47
-0.59,-4.69,-9.48
-0.57,-4.63,-9.50
-0.65,-4.74,-9.56
-0.65,-4.75,-9.45
-0.54,-4.68,-9.46
-0.56,-4.75,-9.50
-0.58,-4.81,-9.57
-0.53,-4.63,-9.45
-0.62,-4.75,-9.45
-0.67,-4.75,-9.62
-0.66,-4.72,-9.32
-0.56,-4.70,-9.63
-0.60,-4.74,-9.39
-0.53,-4.69,-9.50
-0.64,-4.75,-9.43
-0.66,-4.81,-9.52
-0.59,-4.70,-9.42
-0.47,-4.74,-9.49
-0.58,-4.70,-9.39
-0.73,-4.82,-9.66
-0.72,-4.60,-9.39
-0.53,-4.86,-9.40
-0.40,-4.80,-9.51
-0.28,-4.75,-9.31
-0.27,-4.76,-9.40
-0.43,-4.81,-9.35
-0.55,-4.88,-9.50
-0.48,-4.79,-9.40
-0.51,-4.86,-9.51
-0.51,-4.80,-9.43
-0.59,-4.86,-9.41
-0.56,-4.82,-9.41
-0.57,-4.81,-9.41
-0.60,-4.83,-9.54
-0.57,-4.74,-9.40
-0.66,-4.82,-9.45
-0.64,-4.85,-9.51
-0.57,-4.74,-9.34
-0.62,-4.86,-9.49
-0.56,-4.79,-9.45
-0.60,-4.78,-9.38
-0.49,-4.96,-9.51
-0.60,-4.78,-9.49
-0.55,-4.67,-9.15
-0.50,-4.51,-9.47
-0.91,-4.66,-9.26
-0.98,-4.72,-9.41
-0.74,-4.20,-9.49
-1.06,-4.47,-9.70
-1.10,-4.79,-9.93
-0.84,-4.60,-9.85
-1.30,-4.48,-10.22
-1.51,-4.87,-10.18
-1.11,-5.01,-10.55
-0.87,-4.64,-10.25
-0.99,-4.69,-8.77
-0.53,-5.23,-8.31
0.07,-5.42,-9.65
0.37,-5.34,-9.86
0.59,-5.24,-9.00
0.54,-5.30,-9.25
0.26,-6.07,-9.29
0.87,-5.48,-8.54
1.12,-5.86,-9.01
1.50,-5.39,-8.52
0.72,-6.79,-9.90
0.51,-7.35,-9.02
0.37,-7.37,-6.44
0.41,-7.43,-5.76
1.70,-7.52,-4.07
2.15,-7.98,-6.03
2.85,-7.59,-6.63
3.09,-7.43,-5.86
2.72,-8.02,-5.63
2.74,-8.12,-6.73
1.78,-8.30,-5.75
1.68,-8.07,-5.46
1.84,-8.52,-5.71
1.41,-8.32,-6.15
0.80,-8.73,-5.24
0.76,-8.50,-5.33
0.15,-9.21,-5.77
0.25,-8.89,-5.04
0.62,-8.92,-5.39
1.14,-8.66,-5.09
0.94,-8.61,-5.37
0.67,-8.87,-5.91
1.06,-8.79,-5.72
1.19,-8.65,-5.31
0.98,-8.91,-5.62
1.06,-8.70,-5.42
0.96,-8.86,-5.51
1.00,-8.68,-5.30
1.05,-8.83,-5.31
1.06,-8.81,-5.58
1.08,-8.69,-5.12
0.97,-8.90,-5.53
1.05,-8.77,-5.10
1.08,-8.86,-5.52
1.04,-8.82,-5.40
1.14,-8.72,-5.27
1.15,-8.82,-5.59
1.14,-8.79,-5.18
1.14,-8.77,-5.42
1.19,-8.74,-5.16
1.20,-8.86,-5.44
1.16,-8.72,-5.29
1.19,-8.87,-5.50
1.18,-8.75,-5.23
1.19,-8.73,-5.22
1.12,-8.74,-5.34
1.13,-8.76,-5.42
1.16,-8.85,-5.48
1.20,-8.75,-5.36
1.28,-8.73,-5.39
1.37,-8.70,-5.32
1.31,-8.78,-5.33
1.36,-8.61,-5.44
1.32,-8.74,-5.44
1.27,-8.66,-5.49
1.30,-8.63,-5.47
1.20,-8.76,-5.47
1.12,-8.69,-5.67
1.12,-8.71,-5.67
1.12,-8.72,-5.67
1.11,-8.64,-5.56
1.23,-8.64,-5.73
1.10,-8.60,-5.52
1.23,-8.58,-5.50
1.10,-8.62,-5.84
1.20,-8.59,-5.52
1.11,-8.71,-5.94
1.07,-8.67,-5.69
1.18,-8.56,-5.64
1.15,-8.65,-5.44
1.16,-8.52,-5.60
1.16,-8.72,-5.70
1.03,-8.52,-5.52
1.17,-8.47,-5.43
1.01,-8.70,-6.00
1.11,-8.47,-5.76
1.28,-8.41,-6.03
0.91,-8.72,-5.97
ets Jun  8 2016 00:22:57

rst:0x1 (POWERON_RESET),boot:0x13 (SPI_FAST_FLASH_BOOT)
configsip: 0, SPIWP:0xee
clk_drv:0x00,q_drv:0x00,d_drv:0x00,cs0_drv:0x00,hd_drv:0x00,wp_drv:0x00
mode:DIO, clock div:1
load:0x3fff0018,len:4
load:0x3fff001c,len:1216
ho 0 tail 12 room 4
load:0x40078000,len:10944
load:0x40080400,len:6388
entry 0x400806b4










-,-,-
0.43,-6.36,-6.38
0.54,-7.87,-6.66
-0.93,-7.88,-7.89
-1.05,-6.56,-9.40
-0.40,-4.96,-8.35
-1.32,-4.92,-9.33
-1.94,-5.30,-9.23
-1.71,-5.24,-8.32
-1.77,-4.70,-9.09
-2.01,-5.27,-9.21
-1.97,-4.48,-8.09
-2.60,-3.42,-9.33
-3.71,-2.68,-10.27
-4.96,-2.85,-10.62
-5.84,-2.92,-9.38
-6.32,-3.84,-8.17
-6.32,-3.19,-7.50
-6.19,-2.88,-7.73
-5.63,-2.24,-8.10
-5.38,-1.76,-8.44
-5.69,-1.27,-9.01
-6.15,-1.57,-9.23
-6.39,-2.11,-8.07
-6.55,-1.29,-7.40
-7.14,-0.43,-6.51
-7.77,-0.21,-6.00
-7.60,-0.52,-5.43
-7.60,-0.04,-7.65
-8.13,0.86,-8.60
-7.90,0.93,-6.20
-8.65,0.90,-4.70
-9.19,0.30,-4.31
-9.16,0.08,-6.05
-8.42,0.09,-7.18
-7.89,0.87,-6.36
-7.87,1.24,-5.48
-8.37,0.87,-5.47
-8.34,0.62,-4.87
-8.16,0.78,-5.25
-8.25,0.37,-5.52
-8.20,0.16,-5.08
-8.12,0.30,-4.83
-8.35,0.39,-5.26
-8.63,0.43,-5.43
-8.53,0.59,-5.05
-8.42,0.69,-5.05
-8.31,0.85,-5.20
-8.37,0.98,-5.31
-8.69,1.21,-5.02
-9.12,0.74,-4.96
-8.66,0.93,-4.16
-8.09,1.24,-4.83
-8.08,1.09,-5.32
-8.45,0.89,-5.32
-8.65,0.87,-4.91
-8.71,1.05,-4.96
-8.74,1.09,-5.04
-8.60,1.16,-4.56
-8.52,1.06,-4.63
-8.66,0.91,-5.01
-8.47,0.90,-5.30
-8.29,1.10,-5.16
-8.45,1.13,-4.76
-8.62,1.12,-4.56
-8.80,1.17,-4.87
-8.74,0.97,-4.70
-8.53,1.19,-4.12
-8.61,1.10,-4.90
-8.66,1.01,-5.40
-8.46,0.96,-5.09
-8.37,1.07,-4.71
-8.44,1.16,-4.60
-8.65,1.20,-4.75
-8.74,1.05,-4.71
-8.64,1.15,-4.59
-8.61,1.19,-4.60
-8.58,1.20,-4.67
-8.60,1.18,-4.58
-8.73,1.13,-4.46
-8.76,1.22,-4.23
-8.86,1.25,-4.40
-8.87,1.25,-4.28
-8.69,1.23,-4.14
-8.73,1.30,-4.29
-8.78,1.31,-4.24
-8.88,1.20,-4.13
-8.76,1.28,-3.99
-8.77,1.47,-4.15
-8.87,1.33,-4.21
-8.83,1.36,-3.88
-8.88,1.36,-4.01
-8.83,1.45,-3.94
-8.81,1.40,-3.94
-8.84,1.38,-3.76
-8.93,1.41,-3.92
-8.80,1.51,-3.74
-8.81,1.52,-3.74
-8.82,1.73,-3.86
-8.57,1.69,-3.65
-8.10,1.89,-3.42
-8.70,2.95,-4.01
-9.05,1.99,-4.27
-8.75,3.38,-1.46
-8.66,2.65,-2.26
-10.32,2.31,-5.06
-10.77,0.83,-5.38
-9.94,1.99,-3.87
-9.96,2.96,-4.01
-11.20,2.25,-4.54
-12.37,1.74,-4.97
-11.81,2.06,-6.18
-11.04,2.22,-8.56
-9.49,2.89,-7.94
-8.71,2.20,-9.03
-7.47,2.60,-7.96
-6.62,2.21,-7.65
-5.51,1.23,-5.61
-4.82,0.36,-5.31
-4.79,-1.02,-5.72
-5.86,-2.71,-5.64
-6.88,-3.36,-5.09
-7.29,-2.82,-5.22
-6.96,-3.18,-5.16
-6.44,-2.64,-4.10
-6.55,-3.32,-4.17
-6.58,-3.26,-3.61
-6.15,-3.59,-2.91
-4.36,-3.85,-1.22
-2.70,-2.43,-0.05
-2.88,-1.21,-1.11
-4.42,-1.54,-4.08
-7.02,-1.21,-5.59
-8.46,-2.53,-4.11
-9.71,-0.06,-2.78
-10.28,-0.44,-3.49
-10.41,1.82,-3.71
-10.06,2.02,-4.36
-11.07,4.41,-4.55
-11.94,4.99,-4.75
-10.29,5.20,-2.80
-8.18,6.64,-3.07
-7.27,7.41,-0.86
-6.08,7.09,-0.10
-4.39,10.77,-1.25
-3.54,13.84,-1.84
-3.03,13.06,-1.94
-2.61,11.45,-3.03
-1.79,10.86,-2.70
-1.36,10.22,-1.78
-1.01,8.14,-2.01
-0.97,8.30,-2.01
-1.04,9.65,-2.29
-1.20,11.75,-4.03
-2.18,14.94,-3.68
-2.28,12.73,-2.05
-1.65,10.39,-0.02
-0.69,8.24,0.59
0.13,8.29,-2.05
-1.34,17.90,-3.69
-0.98,13.63,-0.74
0.02,7.64,-0.02
-0.32,7.82,-2.78
-0.62,10.09,-4.07
-0.76,10.22,-4.72
-1.21,12.78,-3.61
-1.64,13.71,-1.23
-0.51,8.59,0.55
-0.31,6.75,-0.69
-0.99,9.72,-3.42
-0.54,8.42,-4.34
-0.71,8.49,-3.70
-0.48,9.09,-2.09
-0.92,12.17,-1.14
-0.49,9.94,-1.53
-0.78,9.91,-2.05
-0.74,9.55,-1.10
-1.94,11.20,-1.78
-2.17,9.97,-2.43
-1.76,7.65,-2.59
-2.71,11.14,-3.11
-2.47,10.55,-2.91
-2.75,9.42,-2.38
-2.57,7.66,-3.40
-2.82,7.18,-3.50
-2.70,2.85,-5.69
-3.23,8.30,-1.78
-3.40,10.58,-2.54
-2.32,3.23,-1.91
-2.23,9.27,-0.36
-2.89,16.58,0.67
-2.39,10.46,-2.79
-3.22,9.72,-5.17
-2.98,2.68,-4.51
-2.58,4.24,2.73
-2.53,10.53,-2.01
-2.89,9.26,-3.80
-2.25,7.77,-1.43
-3.21,15.61,0.11
-2.70,8.17,-0.26
-2.99,11.82,-3.17
-1.11,5.43,0.84
-1.94,11.93,-3.62
-1.94,14.06,-4.35
-1.59,10.67,-1.60
-0.35,5.65,1.26
-1.41,10.90,1.62
-2.34,9.58,-0.67
-1.75,9.71,-6.42
-0.99,9.57,-6.74
-1.52,8.77,-2.32
-1.08,9.70,1.76
-1.36,13.05,0.12
-0.73,8.70,-3.12
-0.54,8.67,-3.13
-1.45,13.63,-0.36
-0.34,7.87,-1.16
-1.09,11.82,-3.56
-0.34,9.86,-3.86
-0.45,11.17,-2.14
-1.05,13.05,-1.82
-0.57,8.77,-1.32
-0.68,8.73,-0.78
-0.55,7.61,-1.76
-0.64,8.55,-2.56
-0.89,10.03,-0.96
-0.71,9.48,-1.28
-0.89,10.52,-2.54
-0.50,10.08,-1.94
-0.41,10.75,-2.07
-0.38,10.79,-2.58
-0.25,9.44,-2.34
-0.67,10.17,-1.92
-1.13,10.42,-1.59
-1.05,8.17,-2.16
-1.38,8.64,-2.13
-1.27,8.08,-1.70
-1.00,8.17,-1.81
-0.72,8.48,-2.08
-0.79,10.68,-2.15
-0.40,10.69,-2.52
-0.30,11.86,-2.51
-0.38,13.49,-2.59
-0.04,12.27,-3.82
0.17,11.39,-4.51
0.02,11.54,-3.86
0.44,11.21,-2.91
0.84,12.22,-2.83
1.48,12.00,-3.44
1.82,11.37,-5.53
1.99,8.87,-4.93
1.58,10.46,-3.82
2.05,8.45,-3.20
3.42,5.77,-3.28
4.66,3.31,-4.13
5.57,3.34,-4.53
5.80,4.02,-4.13
6.38,4.46,-3.11
7.21,3.06,-1.63
5.95,6.69,-1.53
6.08,5.98,1.29
5.10,8.75,1.44
4.27,10.67,3.55
3.95,11.39,3.30
3.28,12.22,4.33
3.45,10.37,5.88
2.78,10.71,6.63
3.25,7.98,7.84
3.06,7.33,5.25
3.02,6.84,4.71
3.05,6.06,4.92
2.65,7.40,4.13
4.11,3.58,5.07
3.02,6.38,2.04
2.80,6.31,2.15
2.39,6.67,3.15
2.02,7.04,2.71
0.68,10.22,0.88
-0.01,10.72,2.38
-0.89,11.97,2.47
-1.68,12.68,2.03
-2.41,13.02,2.57
-2.43,11.88,3.21
-1.80,10.40,3.59
-1.26,9.45,4.33
-0.48,6.02,5.57
-0.84,9.51,0.99
-0.13,8.01,1.07
-0.26,9.80,2.68
0.10,8.54,3.25
0.92,6.27,3.08
0.48,7.75,3.40
1.58,3.85,3.26
1.37,7.83,1.94
2.15,7.87,0.60
2.33,10.72,0.86
1.67,12.08,0.02
0.22,13.33,-1.58
-0.91,12.96,-3.56
-2.42,10.15,-3.15
-5.20,10.36,-4.69
-6.63,9.11,-6.62
-6.00,9.72,-8.93
-4.37,10.08,-9.28
-3.49,10.35,-7.98
-3.24,9.77,-5.36
-3.12,8.30,-3.42
-3.62,7.96,-3.62
-3.79,7.26,-4.23
-4.06,8.39,-4.15
-3.68,8.59,-5.50
-3.30,9.85,-3.80
-3.13,7.52,-1.40
-4.43,11.67,-2.36
-4.44,8.28,-3.66
-5.15,10.88,-3.79
-4.33,6.40,-3.61
-5.11,10.35,-2.22
-5.16,8.21,-2.34
-5.67,8.13,-2.32
-5.87,7.71,-2.07
-5.72,5.50,-2.35
-5.34,5.18,-2.56
-4.71,4.54,-2.85
-4.66,6.10,-3.44
-4.43,3.35,-4.32
-5.38,6.42,-3.90
-5.72,4.69,-4.91
-6.30,5.54,-4.77
-6.78,5.53,-5.84
-7.19,6.83,-5.61
-7.08,6.63,-4.81
-9.24,5.04,-6.76
-5.60,6.54,-4.52
-4.63,4.64,-10.60
-3.29,3.59,-7.85
-2.73,2.34,-7.23
-2.93,5.88,-10.33
-2.47,-0.36,-10.94
-1.66,0.31,-11.01
-2.07,1.72,-8.79
-3.17,-1.83,-9.37
-3.50,-1.85,-11.11
-8.04,-1.76,-9.56
-1.87,-2.45,-7.58
-5.66,-4.21,-11.78
-2.85,-3.56,-9.58
-0.75,-2.14,-8.83
0.11,-3.27,-10.84
0.47,-3.84,-10.94
0.65,-1.37,-8.90
0.29,-2.20,-10.49
1.13,-3.51,-10.21
-0.11,-1.18,-10.04
0.13,-4.82,-10.74
1.69,-2.93,-8.37
1.27,-1.47,-10.89
0.19,-2.54,-9.74
0.65,-1.62,-9.82
-0.23,-1.00,-10.08
-1.21,-2.51,-10.94
-2.72,-4.23,-9.06
-3.32,-4.94,-9.54
-2.38,-4.61,-8.23
-5.49,-3.23,-8.02
-6.97,-5.31,-7.49
-7.01,-2.29,-9.54
-5.11,-1.17,-8.21
-6.66,-2.23,-9.02
-7.09,-1.96,-7.11
-6.27,-0.63,-7.60
-6.70,-0.92,-8.52
-5.85,-0.73,-7.25
-5.06,1.10,-8.76
-3.80,0.65,-10.02
-2.94,1.32,-8.30
-3.60,0.62,-8.60
-5.19,0.25,-11.69
-3.35,0.13,-10.68
-2.93,-0.22,-9.00
-3.67,-0.70,-10.29
-3.57,-0.07,-10.09
-3.41,0.24,-9.82
-3.81,-0.07,-9.97
-3.74,-0.16,-9.02
-4.25,-0.45,-9.85
-4.74,-0.63,-10.47
-3.16,0.31,-9.52
-3.66,-0.64,-9.88
-3.62,-0.23,-9.78
-4.15,-0.40,-9.23
-4.81,-1.11,-9.88
-4.32,-1.71,-8.96
-4.66,-1.33,-9.59
-4.45,-1.43,-9.26
-4.58,-1.73,-9.13
-4.50,-1.50,-8.77
-5.25,-1.94,-9.03
-5.22,-1.81,-8.81
-5.46,-2.22,-8.86
-5.39,-2.08,-8.36
-5.70,-2.15,-8.81
-5.33,-2.30,-8.70
-5.15,-2.23,-8.53
-4.95,-2.32,-9.05
-4.66,-2.21,-8.24
-4.87,-2.38,-8.99
-4.63,-2.07,-8.90
ets Jun  8 2016 00:22:57

rst:0x1 (POWERON_RESET),boot:0x13 (SPI_FAST_FLASH_BOOT)
configsip: 0, SPIWP:0xee
clk_drv:0x00,q_drv:0x00,d_drv:0x00,cs0_drv:0x00,hd_drv:0x00,wp_drv:0x00
mode:DIO, clock div:1
load:0x3fff0018,len:4
load:0x3fff001c,len:1216
ho 0 tail 12 room 4
load:0x40078000,len:10944
load:0x40080400,len:6388
entry 0x400806b4










-,-,-
-2.36,-2.82,-11.44
-2.09,-4.11,-8.44
-4.73,-2.07,-5.35
-6.99,-1.81,-7.62
-7.59,-0.08,-8.84
-7.63,-0.34,-7.96
-8.01,1.02,-7.50
-8.08,0.25,-7.37
-7.71,0.39,-5.89
-6.81,-0.43,-4.31
-6.20,-0.09,-1.69
-6.09,3.18,-1.50
-6.29,4.49,-3.79
-6.44,7.13,-4.55
-6.26,7.78,-5.97
-6.30,8.13,-8.09
-7.11,19.01,-4.47
-7.87,24.40,-4.43
-7.47,7.75,-9.00
-7.25,6.75,-6.40
-6.56,9.50,-1.96
-5.65,9.34,-1.51
-4.62,10.00,-4.36
-3.86,11.06,-2.12
-3.87,11.82,-1.22
-3.05,8.43,-2.76
-2.72,7.88,-2.82
-3.17,8.19,-2.59
-4.07,9.42,-0.77
-4.97,9.82,-0.01
-5.27,9.78,-0.27
-5.47,10.89,-1.07
-5.17,9.75,-2.21
-4.99,8.63,-1.41
-4.96,7.86,-0.77
-4.23,8.03,-0.76
-3.87,9.79,-1.84
-3.46,10.48,-2.46
-3.08,10.52,-2.36
-2.80,9.73,-2.10
-2.61,9.00,-2.08
-2.71,8.90,-2.07
-3.02,8.94,-1.95
-3.44,9.31,-1.67
-3.79,9.19,-1.19
-4.00,8.95,-0.89
-4.03,8.82,-1.08
-3.98,8.87,-1.21
-3.83,9.11,-1.15
-3.47,8.36,-1.18
-3.29,9.31,-1.09
-3.09,9.50,-1.72
-2.97,9.17,-2.10
-3.03,9.07,-1.89
-3.11,9.00,-1.83
-3.30,8.95,-2.14
-3.47,8.83,-2.08
-3.62,8.96,-1.60
-3.69,9.03,-1.44
-3.62,8.76,-1.41
-3.51,8.82,-1.10
-3.43,9.08,-1.20
-3.26,8.92,-1.33
-3.15,9.01,-1.33
-3.11,9.12,-1.53
-3.14,9.02,-1.74
-3.22,8.96,-1.80
-3.34,9.05,-1.79
-3.39,8.81,-1.83
-3.45,8.88,-1.65
-3.45,8.92,-1.53
-3.40,8.87,-1.45
-3.34,9.03,-1.36
-3.25,8.94,-1.31
-3.21,9.13,-1.34
-3.13,8.99,-1.41
-3.19,9.09,-1.46
-3.19,8.99,-1.50
-3.23,8.96,-1.58
-3.29,8.98,-1.68
-3.32,9.03,-1.68
-3.32,8.97,-1.67
-3.30,8.85,-1.50
-3.26,8.98,-1.42
-3.21,9.04,-1.42
-3.19,9.03,-1.42
-3.13,8.95,-1.40
-3.15,9.07,-1.41
-3.19,9.00,-1.53
-3.23,8.97,-1.51
-3.27,8.99,-1.56
-3.27,9.01,-1.60
-3.27,8.94,-1.61
-3.22,8.98,-1.50
-3.20,9.04,-1.48
-3.21,9.13,-1.54
-3.17,8.87,-1.48
-3.19,9.05,-1.36
-3.26,9.24,-1.46
-3.30,9.02,-1.50
-3.38,8.88,-1.36
-3.42,9.05,-1.39
-3.46,9.03,-1.57
-3.39,8.81,-1.51
-3.26,8.93,-1.38
-3.14,9.06,-1.62
-3.05,8.89,-1.67
-3.15,9.18,-1.48
-3.42,9.41,-1.46
-3.56,8.68,-1.34
-3.61,8.43,-1.25
-3.65,8.78,-1.34
-3.47,9.04,-1.40
-3.38,9.21,-1.29
-3.44,9.95,-1.53
-3.46,9.54,-1.70
-4.08,10.70,-1.28
-4.37,10.03,-1.18
-5.02,10.48,-1.40
-5.42,10.16,-1.82
-5.72,10.33,-1.25
-5.77,9.83,-1.51
-5.71,9.06,-2.08
-5.47,8.11,-2.11
-5.48,9.77,-2.43
-5.02,7.18,-2.43
-5.12,8.68,-2.28
-4.83,5.80,-3.01
-5.15,6.57,-2.89
-4.93,5.35,-2.56
-5.30,6.11,-2.90
-5.36,4.58,-2.66
-5.67,4.30,-2.73
-6.22,4.75,-3.47
-6.83,5.58,-3.30
-7.28,5.22,-1.98
-7.78,6.01,-1.95
-7.64,4.90,-2.43
-7.23,5.20,-1.98
-6.53,4.81,-2.33
-5.99,5.10,-2.91
-5.58,4.99,-3.71
-5.29,4.24,-3.56
-7.97,5.18,-1.34
-3.06,3.64,-8.67
-4.68,2.23,-8.85
-5.99,1.52,-9.54
-4.09,0.98,-8.72
-3.51,0.13,-9.16
-3.15,-2.19,-10.48
-1.95,-2.17,-9.56
-1.87,-1.92,-11.26
-1.26,-2.22,-10.18
-0.75,-1.42,-10.77
-0.71,-1.57,-10.97
-0.89,-1.93,-9.78
-0.86,-3.58,-11.14
-0.72,-3.62,-10.64
-0.97,-3.95,-10.07
-0.29,-2.21,-10.34
-0.06,-2.05,-10.51
-0.87,-1.67,-11.02
-0.56,-1.91,-11.12
0.26,-2.84,-10.17
-0.50,-2.77,-10.29
-1.23,-3.73,-8.93
-1.46,-4.07,-9.45
-1.50,-4.08,-9.81
-1.64,-5.06,-8.71
-1.47,-4.53,-9.58
-2.30,-4.33,-9.38
-1.88,-4.52,-9.11
-1.76,-4.41,-9.04
-2.79,-4.57,-9.44
-2.29,-3.91,-9.73
-2.35,-3.46,-9.54
-2.09,-3.66,-9.96
-1.58,-3.35,-10.42
-1.26,-3.48,-10.09
-1.33,-3.83,-10.05
-0.96,-3.53,-9.56
-1.11,-4.11,-10.00
-1.07,-3.83,-9.64
-0.90,-3.66,-9.65
-0.88,-3.86,-9.96
-1.11,-3.84,-9.61
-1.14,-3.69,-9.31
-1.21,-3.37,-9.32
-1.51,-3.31,-10.47
-1.52,-3.54,-10.98
-1.39,-3.41,-9.73
-1.37,-3.36,-9.76
-1.43,-3.38,-10.22
-1.43,-3.38,-9.97
-1.42,-3.40,-9.99
-1.41,-3.46,-9.98
-1.41,-3.42,-10.06
-1.41,-3.42,-9.84
-1.41,-3.34,-10.00
-1.44,-3.35,-9.99
-1.43,-3.41,-10.02
-1.36,-3.61,-10.16
-1.25,-3.07,-10.06
-1.10,-3.22,-11.25
-1.50,-1.87,-10.32
-1.16,-2.56,-10.12
-1.21,-2.04,-10.56
-1.18,-1.61,-10.17
ets Jun  8 2016 00:22:57

rst:0x1 (POWERON_RESET),boot:0x13 (SPI_FAST_FLASH_BOOT)
configsip: 0, SPIWP:0xee
clk_drv:0x00,q_drv:0x00,d_drv:0x00,cs0_drv:0x00,hd_drv:0x00,wp_drv:0x00
mode:DIO, clock div:1
load:0x3fff0018,len:4
load:0x3fff001c,len:1216
ho 0 tail 12 room 4
load:0x40078000,len:10944
load:0x40080400,len:6388
entry 0x400806b4










-,-,-
-2.46,-0.29,-9.66
-1.76,0.42,-10.73
-2.07,-0.18,-12.00
-2.29,-0.54,-10.22
-1.81,-0.30,-10.75
-1.13,-0.49,-10.08
-0.46,0.14,-10.58
-0.30,0.16,-11.42
0.06,-0.06,-9.94
0.52,0.23,-9.99
0.52,-0.01,-10.06
0.46,0.06,-11.51
0.48,0.36,-10.94
0.50,-0.02,-10.55
0.46,0.09,-10.81
0.57,0.15,-10.70
0.76,0.18,-10.75
0.99,0.36,-10.36
0.93,0.18,-10.48
0.96,0.26,-10.88
0.90,0.28,-10.23
0.87,0.31,-10.08
0.79,0.11,-11.39
0.72,0.48,-10.70
0.68,0.24,-10.67
0.67,0.21,-10.62
0.64,0.21,-10.64
0.65,0.33,-10.60
0.63,0.21,-10.52
0.57,0.19,-10.82
0.51,0.24,-10.86
0.56,0.20,-10.66
0.51,0.14,-10.54
0.52,0.14,-10.79
0.54,0.14,-10.58
0.50,0.23,-10.83
0.45,0.27,-10.65
0.48,0.19,-10.66
0.47,0.17,-10.65
0.42,0.13,-10.74
0.49,0.08,-10.72
0.48,0.10,-10.53
0.40,0.16,-10.75
0.45,0.06,-10.61
0.44,0.11,-10.66
0.41,-0.01,-10.68
0.45,-0.01,-10.70
0.43,0.01,-10.71
0.43,0.02,-10.54
0.38,0.03,-10.75
0.39,0.01,-10.82
0.36,-0.05,-10.52
0.40,-0.05,-10.72
0.40,-0.03,-10.66
0.45,0.08,-10.65
0.42,0.00,-10.72
0.39,-0.04,-10.66
0.33,-0.12,-10.68
0.37,-0.08,-10.60
0.35,-0.03,-10.85
0.33,0.01,-10.63
0.31,-0.08,-10.83
0.36,-0.01,-10.71
0.33,-0.02,-10.67
0.29,-0.09,-10.65
0.37,-0.12,-10.61
0.35,-0.07,-10.74
0.34,-0.07,-10.81
0.39,-0.14,-10.71
0.33,-0.07,-10.71
0.32,-0.08,-10.60
0.33,-0.16,-10.63
0.39,-0.12,-10.72
0.34,-0.11,-10.67
0.39,-0.06,-10.72
0.29,-0.21,-10.66
0.38,-0.16,-10.63
0.35,-0.11,-10.69
0.33,-0.11,-10.73
0.32,-0.23,-10.69
0.34,-0.12,-10.62
0.34,-0.18,-10.63
0.21,-0.28,-10.76
0.33,-0.07,-10.74
0.28,-0.12,-10.49
0.42,-0.12,-10.80
0.36,-0.17,-10.84
0.44,-0.25,-10.62
0.34,-0.20,-10.54
0.45,-0.06,-10.74
0.42,-0.20,-10.94
0.48,-0.21,-10.56
0.53,-0.13,-10.64
0.45,-0.09,-10.78
0.44,-0.06,-10.74
0.40,-0.23,-10.76
0.39,-0.28,-10.64
0.35,-0.27,-10.67
0.41,-0.18,-10.47
0.38,-0.04,-10.83
0.34,-0.20,-10.81
0.37,-0.28,-10.56
0.36,-0.27,-10.67
0.43,-0.19,-10.67
0.41,-0.13,-10.73
0.47,-0.11,-10.58
0.45,-0.25,-10.74
0.44,-0.27,-10.72
0.48,-0.22,-10.55
0.49,-0.23,-10.72
0.48,-0.12,-10.64
0.45,-0.16,-10.79
0.50,-0.19,-10.59
0.48,-0.12,-10.68
0.45,-0.14,-10.73
0.44,-0.21,-10.69
0.45,-0.14,-10.62
0.43,-0.10,-10.69
0.44,-0.17,-10.67
0.45,-0.21,-10.69
0.43,-0.14,-10.66
0.41,-0.20,-10.64
0.44,-0.25,-10.66
0.43,-0.28,-10.73
0.33,-0.23,-10.76
0.44,-0.24,-10.57
0.41,-0.25,-10.59
0.42,-0.21,-10.73
0.38,-0.32,-10.69
0.44,-0.35,-10.59
0.40,-0.29,-10.72
0.42,-0.35,-10.80
0.37,-0.35,-10.65
0.42,-0.35,-10.59
0.37,-0.31,-10.79
0.39,-0.40,-10.57
0.38,-0.38,-10.76
0.37,-0.38,-10.65
0.38,-0.40,-10.69
0.36,-0.39,-10.70
0.39,-0.45,-10.66
0.35,-0.41,-10.73
0.36,-0.42,-10.66
0.32,-0.35,-10.68
0.38,-0.43,-10.64
0.32,-0.41,-10.77
0.32,-0.47,-10.69
0.32,-0.47,-10.65
0.34,-0.42,-10.75
0.29,-0.42,-10.66
0.29,-0.49,-10.68
0.28,-0.43,-10.68
0.27,-0.43,-10.67
0.32,-0.48,-10.70
0.27,-0.54,-10.77
0.28,-0.44,-10.60
0.28,-0.44,-10.75
0.30,-0.48,-10.71
0.28,-0.51,-10.69
0.27,-0.45,-10.67
0.26,-0.45,-10.69
0.28,-0.38,-10.64
0.30,-0.49,-10.69
0.25,-0.44,-10.75
0.25,-0.51,-10.60
0.26,-0.47,-10.68
0.29,-0.42,-10.73
0.25,-0.50,-10.70
0.22,-0.55,-10.66
0.25,-0.43,-10.62
0.26,-0.46,-10.69
0.25,-0.51,-10.70
0.23,-0.51,-10.74
0.24,-0.44,-10.57
0.26,-0.48,-10.74
0.27,-0.48,-10.75
0.24,-0.46,-10.63
0.26,-0.47,-10.65
0.23,-0.42,-10.75
0.30,-0.58,-10.74
0.27,-0.46,-10.61
0.32,-0.39,-10.77
0.22,-0.52,-10.75
0.30,-0.51,-10.58
0.28,-0.45,-10.76
0.26,-0.42,-10.69
0.24,-0.51,-10.70
0.26,-0.50,-10.64
0.27,-0.41,-10.71
0.24,-0.51,-10.67
0.21,-0.61,-10.79
0.24,-0.48,-10.71
0.27,-0.46,-10.66
0.25,-0.54,-10.79
0.22,-0.46,-10.61
0.24,-0.46,-10.67
0.28,-0.51,-10.71
0.21,-0.46,-10.68
0.28,-0.39,-10.67
0.28,-0.51,-10.70
0.26,-0.47,-10.65
0.22,-0.52,-10.60
0.27,-0.49,-10.68
0.26,-0.44,-10.75
0.24,-0.47,-10.74
0.21,-0.47,-10.68
0.23,-0.46,-10.62
0.21,-0.40,-10.81
0.26,-0.48,-10.67
0.22,-0.45,-10.79
0.23,-0.41,-10.60
0.23,-0.45,-10.71
0.24,-0.48,-10.76
0.23,-0.41,-10.64
0.23,-0.42,-10.69
0.22,-0.39,-10.83
0.22,-0.40,-10.74
0.20,-0.39,-10.63
0.25,-0.40,-10.75
0.18,-0.38,-10.76
0.20,-0.42,-10.52
0.19,-0.42,-10.78
0.22,-0.31,-10.66
0.18,-0.39,-10.72
0.17,-0.39,-10.68
0.19,-0.27,-10.63
0.15,-0.34,-10.76
0.18,-0.37,-10.68
0.18,-0.29,-10.64
0.18,-0.29,-10.64
0.19,-0.41,-10.66
0.19,-0.26,-10.69
0.17,-0.31,-10.75
0.16,-0.31,-10.65
0.13,-0.36,-10.74
0.13,-0.35,-10.58
0.19,-0.34,-10.64
0.06,-0.34,-10.65
0.12,-0.51,-10.34
0.04,-0.43,-10.97
-0.06,-0.34,-10.82
-0.06,-0.43,-10.77
-0.01,-0.39,-10.61
-0.02,-0.40,-10.68
-0.04,-0.43,-10.71
0.03,-0.48,-10.70
-0.02,-0.34,-10.75
0.14,-0.33,-10.66
-0.04,-0.46,-10.63
0.06,-0.47,-10.53
-0.02,-0.39,-10.85
0.02,-0.39,-10.64
0.11,-0.45,-10.64
0.03,-0.44,-10.68
0.27,-0.27,-10.74
-0.06,-0.51,-10.64
0.07,-0.57,-10.63
0.05,-0.45,-10.68
0.05,-0.48,-10.65
0.06,-0.48,-10.74
0.11,-0.54,-10.61
0.25,-0.40,-10.72
0.10,-0.54,-10.72
0.02,-0.62,-10.79
0.08,-0.74,-10.75
0.09,-0.73,-10.81
0.12,-0.73,-10.66
0.28,-0.52,-10.69
0.29,-0.57,-10.64
0.17,-0.44,-10.47
0.32,-0.64,-10.58
0.30,-0.55,-10.84
0.27,-0.54,-10.74
0.24,-0.56,-10.71
0.24,-0.64,-10.53
0.29,-0.63,-10.81
0.30,-0.60,-10.69
0.25,-0.59,-10.65
0.28,-0.68,-10.49
0.28,-0.60,-10.66
0.24,-0.65,-10.70
0.25,-0.69,-10.75
0.29,-0.63,-10.63
0.27,-0.61,-10.58
0.23,-0.72,-10.79
0.26,-0.67,-10.65
0.24,-0.73,-10.54
0.21,-0.67,-10.63
0.25,-0.74,-10.78
0.20,-0.63,-10.68
0.28,-0.60,-10.81
0.16,-0.70,-10.62
0.28,-0.80,-10.64
ets Jun  8 2016 00:22:57

rst:0x1 (POWERON_RESET),boot:0x13 (SPI_FAST_FLASH_BOOT)
configsip: 0, SPIWP:0xee
clk_drv:0x00,q_drv:0x00,d_drv:0x00,cs0_drv:0x00,hd_drv:0x00,wp_drv:0x00
mode:DIO, clock div:1
load:0x3fff0018,len:4
load:0x3fff001c,len:1216
ho 0 tail 12 room 4
load:0x40078000,len:10944
load:0x40080400,len:6388
entry 0x400806b4










-,-,-
-1.02,-0.95,-9.39
-0.81,-0.97,-12.02
0.54,-1.66,-14.63
0.48,-0.74,-13.67
1.72,-0.74,-9.25
2.13,-1.17,-11.28
3.02,-1.74,-9.34
4.30,-1.55,-10.19
5.44,-1.59,-7.49
6.06,-2.89,-6.54
6.96,-3.85,-5.02
7.65,-4.17,-5.38
8.27,-4.07,-3.49
8.29,-4.62,-2.97
8.11,-4.69,-1.81
7.28,-4.29,-2.75
1.75,-3.02,1.38
-0.27,-4.52,17.07
-0.29,-7.94,10.80
1.85,-5.14,7.79
3.11,-4.67,7.01
2.90,-5.51,6.61
2.98,-5.90,5.93
3.41,-5.14,7.29
3.34,-5.15,6.74
3.68,-5.27,7.65
4.05,-5.05,7.03
4.19,-5.11,6.95
4.46,-4.92,6.71
4.28,-4.95,6.73
4.19,-5.27,6.95
4.53,-5.03,6.93
4.53,-5.07,6.58
4.96,-5.12,6.93
4.81,-5.26,6.42
5.63,-4.85,6.63
6.03,-4.31,5.49
6.14,-4.61,5.33
6.53,-4.23,5.64
7.58,-3.91,5.38
7.68,-3.47,4.50
7.09,-4.28,5.70
7.65,-3.61,5.33
7.80,-3.94,2.84
8.89,-2.91,3.31
9.27,-2.87,2.45
9.70,-2.63,1.97
9.58,-2.72,2.36
9.59,-2.49,1.28
9.51,-2.72,1.87
9.54,-2.38,1.06
9.15,-2.60,1.28
8.94,-2.72,0.89
9.26,-2.58,-0.39
10.02,-1.53,-2.83
9.43,-1.97,-5.88
9.20,-2.31,-6.78
9.06,-2.21,-5.40
9.07,-2.27,-4.77
9.03,-2.40,-4.34
9.13,-2.15,-3.87
8.15,-3.44,-5.25
9.17,-1.94,-5.61
8.81,-2.06,-5.70
8.38,-2.52,-5.10
8.39,-2.47,-5.74
8.66,-2.60,-5.64
8.64,-2.76,-5.17
8.60,-2.72,-4.95
8.65,-2.67,-5.17
8.67,-2.69,-5.17
8.70,-2.52,-5.14
8.64,-2.68,-5.37
8.71,-2.66,-5.06
8.68,-2.77,-4.85
8.82,-2.58,-4.90
8.78,-2.77,-4.91
8.90,-2.60,-4.93
8.76,-2.62,-4.91
8.90,-2.51,-4.78
8.91,-2.58,-4.83
8.91,-2.53,-4.91
8.85,-2.48,-4.88
8.77,-2.46,-4.80
8.91,-2.48,-4.96
9.03,-2.18,-4.88
8.95,-2.29,-4.94
8.97,-2.20,-4.80
9.11,-2.19,-4.76
9.09,-2.18,-4.51
8.92,-2.29,-4.63
9.12,-2.28,-4.40
9.18,-2.16,-4.66
9.09,-2.09,-4.56
9.11,-2.22,-4.19
9.32,-2.10,-4.60
9.20,-2.19,-4.22
9.26,-2.15,-3.99
9.30,-2.20,-3.99
9.25,-2.16,-3.94
9.30,-2.24,-3.87
9.28,-2.26,-4.26
9.26,-2.27,-3.98
9.26,-2.16,-4.18
9.24,-2.31,-4.16
9.22,-2.34,-3.93
9.28,-2.32,-4.16
9.24,-2.36,-3.89
9.20,-2.47,-4.02
9.38,-2.33,-4.05
9.20,-2.32,-4.24
9.15,-2.31,-3.94
9.26,-2.30,-4.21
9.18,-2.42,-4.18
9.19,-2.36,-4.07
9.23,-2.38,-4.19
9.12,-2.36,-4.31
9.10,-2.41,-4.21
9.26,-2.30,-4.47
9.14,-2.49,-4.19
9.24,-2.34,-4.18
9.05,-2.49,-4.23
9.19,-2.38,-4.32
9.11,-2.40,-4.47
9.08,-2.40,-4.28
9.07,-2.42,-4.50
9.17,-2.44,-4.33
9.08,-2.42,-4.40
8.98,-2.48,-4.27
9.11,-2.41,-4.41
9.12,-2.42,-4.53
9.04,-2.46,-4.47
9.03,-2.40,-4.56
9.02,-2.44,-4.46
9.01,-2.35,-4.74
9.05,-2.41,-4.52
9.04,-2.41,-4.70
9.01,-2.51,-4.52
9.07,-2.41,-4.46
9.02,-2.45,-4.57
9.01,-2.44,-4.77
9.02,-2.39,-4.58
9.02,-2.38,-4.48
9.03,-2.44,-4.64
9.13,-2.44,-4.55
9.05,-2.35,-4.43
9.03,-2.43,-4.50
9.17,-2.43,-4.80
9.06,-2.37,-4.81
8.83,-2.38,-4.55
8.67,-2.72,-4.28
9.20,-2.42,-4.41
9.12,-2.52,-4.52
9.03,-2.45,-4.31
9.05,-2.51,-4.82
8.97,-2.43,-4.64
9.03,-2.45,-4.56
9.10,-2.49,-4.81
8.92,-2.49,-4.63
8.92,-2.46,-4.63
8.88,-2.46,-4.47
9.00,-2.62,-4.56
8.98,-2.53,-4.84
8.91,-2.48,-4.73
8.87,-2.57,-4.70
8.94,-2.53,-4.70
8.75,-2.44,-4.68
8.89,-2.85,-4.27
9.37,-2.26,-4.36
8.66,-2.95,-4.80
8.23,-2.98,-4.77
8.47,-2.91,-4.66
9.00,-2.55,-5.16
8.57,-3.47,-5.88
9.21,-2.37,-5.41
6.84,-3.12,-6.20
5.90,-4.73,-6.30
5.32,-4.25,-7.69
4.56,-4.13,-8.23
3.87,-4.02,-7.94
2.98,-3.90,-8.82
1.84,-3.04,-9.68
0.85,-4.45,-13.75
1.30,-4.18,-10.98
2.16,-4.79,-8.22
2.27,-3.96,-9.84
1.30,-4.47,-9.91
0.41,-4.41,-9.24
0.57,-4.26,-10.42
0.11,-4.07,-10.24
0.10,-4.15,-9.70
-0.14,-3.88,-10.03
-0.74,-3.79,-9.55
-0.91,-3.71,-9.73
-0.94,-3.72,-10.12
-1.29,-3.60,-10.07
-1.28,-3.93,-10.23
-1.37,-4.30,-10.59
-1.11,-3.78,-8.55
-1.13,-4.22,-9.40
-1.06,-4.49,-10.24
-1.20,-4.27,-9.45
-1.37,-5.71,-10.16
-0.61,-3.41,-9.09
-0.81,-4.57,-8.19
-1.84,-5.17,-11.06
-1.47,-5.09,-9.19
-1.01,-4.64,-8.41
-1.46,-5.19,-8.26
-1.00,-5.88,-9.53
-1.40,-5.29,-8.05
-1.35,-6.28,-6.96
-1.16,-6.36,-9.73
-1.49,-6.53,-8.26
-1.46,-6.37,-7.85
-1.45,-6.51,-8.00
-1.45,-6.34,-7.49
-1.09,-5.63,-6.86
-1.94,-6.38,-9.75
-2.58,-6.70,-8.24
-3.37,-6.09,-6.76
-2.53,-5.70,-8.58
-2.89,-6.31,-8.35
ets Jun  8 2016 00:22:57

rst:0x1 (POWERON_RESET),boot:0x13 (SPI_FAST_FLASH_BOOT)
configsip: 0, SPIWP:0xee
clk_drv:0x00,q_drv:0x00,d_drv:0x00,cs0_drv:0x00,hd_drv:0x00,wp_drv:0x00
mode:DIO, clock div:1
load:0x3fff0018,len:4
load:0x3fff001c,len:1216
ho 0 tail 12 room 4
load:0x40078000,len:10944
load:0x40080400,len:6388
entry 0x400806b4










-,-,-
-4.79,-7.28,-5.84
-3.58,-7.23,-4.52
-3.36,-7.54,-5.80
-2.98,-7.46,-6.62
-2.44,-7.58,-6.31
-2.33,-7.38,-6.35
-2.05,-7.78,-5.78
-2.94,-8.24,-4.54
-2.68,-8.80,-4.84
-2.92,-8.38,-5.10
-2.29,-7.74,-4.41
-3.00,-9.00,-4.04
-3.22,-8.96,-5.34
-3.40,-9.07,-6.39
-2.95,-8.47,-3.65
-1.91,-8.29,-4.01
-2.75,-9.45,-3.99
-2.62,-8.98,-3.54
-2.53,-8.87,-3.51
-2.61,-8.83,-3.80
-2.58,-9.31,-3.63
-2.66,-9.16,-3.63
-2.72,-8.92,-3.56
-2.75,-9.03,-3.45
-2.80,-9.32,-3.56
-2.72,-9.01,-3.48
-2.76,-9.05,-3.54
-2.74,-9.03,-3.45
-2.76,-9.14,-3.53
-2.81,-9.02,-3.39
-2.88,-9.04,-3.49
-2.90,-8.98,-3.44
-2.89,-9.09,-3.39
-2.79,-9.05,-3.62
-2.75,-8.95,-3.43
-2.94,-9.08,-2.80
-2.90,-9.28,-3.28
-2.73,-9.21,-3.22
-3.00,-9.19,-3.09
-2.71,-8.90,-3.14
-2.84,-9.04,-3.34
-2.60,-9.00,-3.34
-2.87,-9.08,-2.89
-3.04,-9.54,-2.56
-3.10,-9.46,-2.74
-2.69,-8.95,-3.33
-2.60,-9.10,-3.86
-2.78,-9.11,-3.32
-2.98,-9.21,-2.76
-2.85,-9.16,-2.60
-2.77,-9.30,-3.22
-2.73,-9.08,-3.33
-2.81,-8.97,-3.49
-2.98,-9.09,-3.51
-2.83,-9.08,-3.59
-2.77,-9.10,-3.30
-2.79,-9.09,-2.86
-2.81,-9.22,-2.72
-2.74,-9.25,-2.88
-2.64,-9.18,-2.92
-2.54,-9.26,-2.93
-2.60,-9.32,-2.87
-2.60,-9.35,-2.75
-2.57,-9.27,-2.69
-2.57,-9.32,-2.81
-2.55,-9.33,-2.74
-2.52,-9.27,-2.65
-2.58,-9.38,-2.68
-2.65,-9.31,-2.78
-2.56,-9.26,-2.88
-2.61,-9.28,-2.93
-2.61,-9.27,-2.86
-2.70,-9.26,-2.87
-2.61,-9.21,-2.89
-2.58,-9.22,-2.92
-2.64,-9.32,-2.85
-2.66,-9.23,-2.78
-2.60,-9.27,-2.76
-2.65,-9.30,-2.84
-2.62,-9.29,-2.83
-2.67,-9.28,-2.81
-2.64,-9.28,-2.83
-2.64,-9.31,-2.94
-2.64,-9.21,-2.82
-2.61,-9.26,-2.85
-2.63,-9.27,-2.86
-2.62,-9.31,-2.83
-2.68,-9.28,-2.79
-2.67,-9.38,-2.77
-2.62,-9.23,-2.80
-2.55,-9.20,-2.87
-2.67,-9.29,-3.04
-2.65,-9.22,-2.89
-2.63,-9.27,-2.82
-2.69,-9.25,-2.83
-2.58,-9.25,-3.06
-2.66,-9.31,-2.94
-2.65,-9.22,-2.81
-2.63,-9.21,-2.91
-2.62,-9.28,-2.98
-2.62,-9.26,-2.86
-2.66,-9.29,-2.82
-2.67,-9.27,-2.88
-2.56,-9.28,-2.92
-2.70,-9.24,-2.87
-2.57,-9.17,-2.85
-2.62,-9.36,-2.92
-2.64,-9.25,-2.84
-2.58,-9.28,-2.92
-2.65,-9.26,-2.95
-2.58,-9.26,-2.88
-2.64,-9.30,-2.89
-2.61,-9.23,-2.92
-2.58,-9.26,-2.94
-2.60,-9.30,-3.01
-2.58,-9.27,-2.90
-2.59,-9.26,-2.87
-2.61,-9.33,-2.88
-2.58,-9.20,-2.94
-2.59,-9.24,-2.88
-2.64,-9.26,-2.86
-2.49,-9.28,-2.93
-2.68,-9.32,-2.82
-2.53,-9.15,-2.87
-2.66,-9.28,-2.99
-2.60,-9.27,-2.78
-2.68,-9.28,-2.68
-2.61,-9.27,-2.85
-2.55,-9.26,-3.01
-2.56,-9.28,-2.89
-2.62,-9.34,-2.81
-2.66,-9.25,-2.76
-2.58,-9.25,-2.83
-2.61,-9.32,-2.90
-2.63,-9.29,-2.83
-2.59,-9.31,-2.83
-2.59,-9.23,-2.90
-2.56,-9.27,-2.86
-2.63,-9.27,-2.84
-2.60,-9.28,-2.83
-2.60,-9.28,-2.88
-2.56,-9.25,-2.86
-2.60,-9.33,-2.83
-2.57,-9.31,-2.82
-2.57,-9.27,-2.84
-2.56,-9.32,-2.90
-2.57,-9.34,-2.88
-2.59,-9.28,-2.77
-2.56,-9.29,-2.83
-2.58,-9.33,-2.82
-2.57,-9.23,-2.92
-2.57,-9.34,-2.86
-2.61,-9.26,-2.84
-2.54,-9.26,-2.88
-2.56,-9.36,-2.92
-2.59,-9.24,-2.77
-2.58,-9.26,-2.86
-2.56,-9.28,-2.91
-2.60,-9.29,-2.77
-2.56,-9.30,-2.81
-2.55,-9.26,-2.89
-2.58,-9.28,-2.85
-2.63,-9.36,-2.81
-2.62,-9.30,-2.83
-2.58,-9.26,-2.87
-2.62,-9.28,-2.76
-2.63,-9.28,-2.80
-2.60,-9.30,-2.81
-2.61,-9.31,-2.79
-2.61,-9.24,-2.74
-2.63,-9.33,-2.79
-2.63,-9.25,-2.79
-2.57,-9.24,-2.90
-2.63,-9.28,-2.79
-2.61,-9.33,-2.81
-2.61,-9.28,-2.76
-2.57,-9.30,-2.89
-2.57,-9.37,-2.81
-2.61,-9.34,-2.83
-2.62,-9.28,-2.78
-2.61,-9.25,-2.84
-2.60,-9.34,-2.80
-2.60,-9.28,-2.79
-2.60,-9.28,-2.74
-2.61,-9.30,-2.76
-2.59,-9.25,-2.84
-2.61,-9.26,-2.82
-2.63,-9.32,-2.77
-2.63,-9.27,-2.77
-2.55,-9.30,-2.88
-2.65,-9.32,-2.77
-2.57,-9.26,-2.80
-2.59,-9.33,-2.83
-2.62,-9.23,-2.79
-2.58,-9.22,-2.89
-2.60,-9.34,-2.86
-2.57,-9.25,-2.84
-2.57,-9.30,-2.82
-2.60,-9.23,-2.90
-2.55,-9.39,-2.80
-2.63,-9.27,-2.74
-2.54,-9.28,-2.93
-2.57,-9.39,-2.85
-2.63,-9.20,-2.69
-2.59,-9.28,-2.94
-2.58,-9.35,-2.89
-2.68,-9.22,-2.64
-2.58,-9.32,-2.91
-2.68,-9.24,-2.81
-2.53,-9.27,-2.81
-2.70,-9.43,-2.70
-2.65,-9.06,-2.77
-2.54,-9.26,-2.87
-2.67,-9.45,-2.82
-2.65,-9.19,-2.61
-2.69,-9.25,-2.84
-2.49,-9.45,-2.81
-2.87,-9.07,-2.55
-2.36,-9.25,-2.96
-2.83,-9.45,-2.73
-2.57,-9.04,-2.52
-2.71,-9.49,-2.84
-2.54,-9.26,-2.92
-2.66,-9.28,-2.70
-2.54,-9.35,-2.81
-2.61,-9.29,-2.78
-2.59,-9.24,-2.66
-2.64,-9.37,-2.74
-2.64,-9.29,-2.74
-2.62,-9.25,-2.76
-2.61,-9.31,-2.83
-2.61,-9.32,-2.77
-2.63,-9.28,-2.74
-2.60,-9.29,-2.78
-2.64,-9.24,-2.77
-2.59,-9.37,-2.74
-2.69,-9.35,-2.66
-2.60,-9.21,-2.67
-2.60,-9.40,-2.90
-2.60,-9.33,-2.73
-2.66,-9.31,-2.69
-2.60,-9.28,-2.83
-2.65,-9.32,-2.75
-2.63,-9.26,-2.68
-2.61,-9.34,-2.70
-2.63,-9.27,-2.77
-2.61,-9.30,-2.77
-2.63,-9.33,-2.73
-2.63,-9.27,-2.69
-2.65,-9.30,-2.77
-2.63,-9.28,-2.79
-2.60,-9.35,-2.75
-2.68,-9.29,-2.69
-2.59,-9.25,-2.67
-2.63,-9.32,-2.75
-2.62,-9.29,-2.70
-2.65,-9.32,-2.71
-2.62,-9.25,-2.74
-2.64,-9.29,-2.76
-2.63,-9.29,-2.66
-2.64,-9.30,-2.72
-2.65,-9.32,-2.76
-2.60,-9.29,-2.71
-2.67,-9.32,-2.68
-2.64,-9.33,-2.75
-2.64,-9.33,-2.76
-2.65,-9.24,-2.59
-2.67,-9.35,-2.76
-2.60,-9.30,-2.74
-2.67,-9.32,-2.66
-2.62,-9.27,-2.67
-2.63,-9.31,-2.75
-2.62,-9.25,-2.76
-2.70,-9.30,-2.67
-2.63,-9.26,-2.73
-2.66,-9.30,-2.75
-2.64,-9.26,-2.72
-2.62,-9.37,-2.67
-2.67,-9.25,-2.68
-2.61,-9.32,-2.71
-2.66,-9.29,-2.72
-2.65,-9.31,-2.64
-2.66,-9.28,-2.77
-2.64,-9.23,-2.72
-2.66,-9.36,-2.75
-2.61,-9.37,-2.69
-2.66,-9.25,-2.72
-2.61,-9.32,-2.66
-2.64,-9.30,-2.65
-2.65,-9.31,-2.72
-2.67,-9.27,-2.72
-2.65,-9.21,-2.72
-2.66,-9.33,-2.67
-2.61,-9.28,-2.64
-2.66,-9.34,-2.65
-2.62,-9.25,-2.70
-2.62,-9.33,-2.75
-2.66,-9.31,-2.67
-2.64,-9.29,-2.75
-2.63,-9.33,-2.73
-2.66,-9.28,-2.65
-2.59,-9.28,-2.74
-2.67,-9.32,-2.66
-2.60,-9.27,-2.62
-2.63,-9.32,-2.72
-2.63,-9.30,-2.72
-2.67,-9.32,-2.67
-2.66,-9.24,-2.71
-2.64,-9.33,-2.71
-2.62,-9.32,-2.70
-2.67,-9.30,-2.65
-2.63,-9.29,-2.71
-2.63,-9.28,-2.66
-2.65,-9.32,-2.67
-2.64,-9.31,-2.69
-2.65,-9.29,-2.76
-2.64,-9.26,-2.71
-2.60,-9.32,-2.76
-2.68,-9.31,-2.68
-2.63,-9.25,-2.65
-2.63,-9.32,-2.73
-2.63,-9.34,-2.74
-2.63,-9.28,-2.70
-2.64,-9.23,-2.72
-2.65,-9.32,-2.72
-2.63,-9.27,-2.69
-2.65,-9.31,-2.65
-2.65,-9.26,-2.72
-2.60,-9.29,-2.73
-2.66,-9.33,-2.69
-2.60,-9.29,-2.70
-2.64,-9.34,-2.75
-2.63,-9.29,-2.69
-2.63,-9.32,-2.72
-2.65,-9.30,-2.67
-2.60,-9.28,-2.66
-2.66,-9.31,-2.72
-2.70,-9.23,-2.66
-2.63,-9.33,-2.78
-2.65,-9.26,-2.63
-2.63,-9.32,-2.71
-2.61,-9.30,-2.72
-2.65,-9.33,-2.66
-2.67,-9.28,-2.66
-2.63,-9.31,-2.74
-2.66,-9.32,-2.65
-2.62,-9.29,-2.69
-2.61,-9.35,-2.74
-2.59,-9.28,-2.68
-2.66,-9.28,-2.66
-2.63,-9.36,-2.67
-2.61,-9.29,-2.70
-2.65,-9.33,-2.66
-2.61,-9.28,-2.73
-2.64,-9.32,-2.71
-2.68,-9.30,-2.64
-2.60,-9.33,-2.77
-2.62,-9.37,-2.71
-2.61,-9.28,-2.66
-2.62,-9.31,-2.68
-2.60,-9.30,-2.71
-2.65,-9.36,-2.63
-2.61,-9.29,-2.65
-2.62,-9.29,-2.70
-2.62,-9.27,-2.74
-2.61,-9.31,-2.70
-2.62,-9.38,-2.55
-2.62,-9.31,-2.74
-2.68,-9.37,-2.77
-2.66,-9.33,-2.66
-2.67,-9.33,-2.69
-2.64,-9.25,-2.79
-2.61,-9.36,-2.71
-2.65,-9.30,-2.69
-2.60,-9.33,-2.66
-2.61,-9.31,-2.70
-2.62,-9.30,-2.64
-2.62,-9.31,-2.69
-2.63,-9.33,-2.71
-2.65,-9.31,-2.71
-2.61,-9.32,-2.74
-2.64,-9.32,-2.71
-2.62,-9.32,-2.69
-2.63,-9.31,-2.68
-2.63,-9.33,-2.71
-2.61,-9.32,-2.69
-2.64,-9.29,-2.73
-2.60,-9.27,-2.75
-2.65,-9.30,-2.72
-2.62,-9.26,-2.70
-2.62,-9.30,-2.75
-2.61,-9.30,-2.72
-2.61,-9.32,-2.71
-2.61,-9.33,-2.68
-2.57,-9.26,-2.73
-2.61,-9.31,-2.74
-2.66,-9.33,-2.69
-2.59,-9.31,-2.67
-2.63,-9.29,-2.74
-2.60,-9.28,-2.72
-2.64,-9.31,-2.66
-2.65,-9.25,-2.72
-2.62,-9.36,-2.74
-2.60,-9.30,-2.62
-2.61,-9.27,-2.72
-2.64,-9.30,-2.69
-2.60,-9.30,-2.71
-2.64,-9.30,-2.68
-2.61,-9.29,-2.68
-2.60,-9.29,-2.76
-2.62,-9.27,-2.73
-2.66,-9.34,-2.66
-2.61,-9.28,-2.70
-2.62,-9.32,-2.77
-2.61,-9.32,-2.73
-2.64,-9.31,-2.67
-2.63,-9.29,-2.67
-2.59,-9.30,-2.76
-2.66,-9.35,-2.71
-2.64,-9.28,-2.64
-2.62,-9.32,-2.72
-2.61,-9.29,-2.74
-2.63,-9.33,-2.68
-2.62,-9.33,-2.68
-2.63,-9.32,-2.69
-2.61,-9.29,-2.67
-2.61,-9.28,-2.71
-2.64,-9.34,-2.65
-2.61,-9.28,-2.65
-2.61,-9.34,-2.73
-2.63,-9.32,-2.70
-2.63,-9.32,-2.65
-2.64,-9.28,-2.67
-2.63,-9.32,-2.73
-2.64,-9.33,-2.68
-2.64,-9.32,-2.69
-2.63,-9.28,-2.63
-2.62,-9.31,-2.72
-2.64,-9.32,-2.64
-2.63,-9.28,-2.62
-2.63,-9.34,-2.74
-2.64,-9.29,-2.66
-2.63,-9.29,-2.66
-2.60,-9.32,-2.75
-2.67,-9.36,-2.65
-2.63,-9.29,-2.60
-2.65,-9.33,-2.66
-2.62,-9.33,-2.68
-2.61,-9.34,-2.63
-2.66,-9.28,-2.65
-2.63,-9.33,-2.69
-2.63,-9.30,-2.64
-2.65,-9.32,-2.65
-2.63,-9.33,-2.68
-2.63,-9.28,-2.68
-2.66,-9.36,-2.61
-2.64,-9.27,-2.64
-2.61,-9.34,-2.71
-2.65,-9.31,-2.65
-2.67,-9.28,-2.61
-2.65,-9.33,-2.71
-2.59,-9.31,-2.70
-2.69,-9.33,-2.61
-2.60,-9.23,-2.51
-2.57,-9.29,-2.79
-2.65,-9.35,-2.70
-2.65,-9.31,-2.62
-2.63,-9.26,-2.69
-2.66,-9.34,-2.72
-2.62,-9.30,-2.64
-2.65,-9.33,-2.65
-2.63,-9.33,-2.72
-2.64,-9.31,-2.71
-2.65,-9.25,-2.61
-2.64,-9.24,-2.70
-2.63,-9.33,-2.70
-2.64,-9.31,-2.67
-2.63,-9.31,-2.72
-2.61,-9.30,-2.72
-2.64,-9.33,-2.72
-2.66,-9.32,-2.62
-2.66,-9.28,-2.69
-2.66,-9.25,-2.63
-2.76,-9.53,-2.90
-2.89,-9.52,-2.76
-2.66,-9.01,-2.71
-2.63,-9.02,-2.94
-2.93,-9.35,-3.12
-2.90,-9.08,-2.95
-2.89,-9.04,-2.88
-2.90,-9.06,-3.07
-2.94,-9.15,-3.04
-3.00,-9.11,-3.02
-2.96,-9.11,-2.99
-3.00,-9.21,-2.95
-3.04,-9.14,-3.02
-3.14,-9.30,-2.99
-3.07,-9.02,-3.11
-3.03,-9.10,-2.98
-3.14,-8.93,-2.96
-3.19,-9.13,-3.11
-3.13,-9.02,-3.09
-3.14,-8.98,-3.13
-3.26,-9.03,-3.06
-3.22,-8.99,-2.93
-3.20,-8.94,-3.04
-3.22,-8.98,-3.09
-3.26,-9.00,-3.05
-3.27,-8.97,-2.99
-3.27,-9.09,-3.04
-3.25,-8.98,-3.07
-3.24,-9.04,-3.05
-3.22,-8.98,-3.05
-3.25,-9.05,-3.07
-3.29,-9.00,-3.00
-3.29,-9.06,-3.11
-3.22,-9.04,-3.06
-3.27,-8.96,-2.99
-3.26,-9.03,-3.01
-3.30,-8.93,-2.97
-3.38,-9.12,-3.18
-3.20,-9.01,-2.89
-3.36,-9.32,-3.21
-3.16,-9.12,-2.58
-2.93,-8.97,-2.82
-2.86,-9.28,-3.15
-2.91,-9.07,-3.02
-2.70,-8.96,-2.89
-2.95,-9.31,-2.84
-2.85,-9.16,-2.90
-2.94,-9.13,-2.95
-2.82,-9.15,-2.87
-2.99,-9.27,-2.89
-2.80,-9.19,-2.97
-2.86,-9.13,-2.94
-2.80,-9.36,-3.11
-2.81,-9.16,-2.88
-2.76,-9.11,-2.91
-2.76,-9.19,-2.81
-2.74,-9.16,-2.77
-2.77,-9.26,-2.94
-2.77,-9.40,-2.91
-2.86,-9.33,-3.17
-2.76,-9.16,-2.75
-2.61,-8.42,-2.53
-3.28,-9.54,-3.00
-3.07,-8.94,-2.80
-3.19,-9.16,-3.06
-3.11,-9.06,-2.90
-3.18,-8.93,-2.56
-2.94,-8.68,-2.63
-3.11,-9.22,-3.11
ets Jun  8 2016 00:22:57

rst:0x1 (POWERON_RESET),boot:0x13 (SPI_FAST_FLASH_BOOT)
configsip: 0, SPIWP:0xee
clk_drv:0x00,q_drv:0x00,d_drv:0x00,cs0_drv:0x00,hd_drv:0x00,wp_drv:0x00
mode:DIO, clock div:1
load:0x3fff0018,len:4
load:0x3fff001c,len:1216
ho 0 tail 12 room 4
load:0x40078000,len:10944
load:0x40080400,len:6388
entry 0x400806b4










-,-,-
-4.98,-5.08,-9.01
-4.61,-4.13,-8.76
-3.86,-3.66,-9.49
-4.45,-3.80,-9.81
-6.06,-5.47,-8.41
-4.34,-2.93,-7.41
-2.87,-5.41,-10.23
-0.43,-3.82,-9.13
-0.88,-1.87,-10.51
-1.25,-2.90,-11.01
-1.73,-2.26,-10.61
-1.23,-3.29,-9.66
0.10,-0.98,-7.07
-0.13,0.19,-7.49
-2.77,0.37,-13.61
-3.05,0.36,-10.20
-3.62,0.74,-9.25
-3.34,1.48,-8.94
-3.61,1.35,-8.88
-4.42,2.75,-8.53
-5.86,2.51,-11.30
-6.28,2.38,-11.25
-5.79,2.05,-13.06
-2.92,1.95,-9.09
-0.58,1.34,-7.49
-0.11,2.39,-10.32
-1.20,2.02,-10.89
-1.13,2.58,-9.80
-2.04,2.28,-11.34
-3.03,1.80,-13.00
-3.26,1.51,-11.91
-2.10,1.63,-9.92
-0.84,2.32,-9.47
-0.84,2.86,-10.08
-1.75,2.16,-10.15
-1.51,2.22,-10.15
-1.30,2.06,-10.21
-1.50,1.46,-10.53
-1.27,1.69,-9.94
-1.24,1.96,-10.64
-1.66,1.51,-10.96
-1.51,1.84,-9.88
-1.48,1.93,-10.01
-1.74,1.81,-10.46
-1.47,1.96,-10.69
-1.73,1.86,-10.45
-1.97,1.50,-10.36
-1.76,1.50,-9.95
-1.63,1.60,-10.25
-1.67,1.82,-10.56
-1.66,1.58,-10.11
-1.59,1.82,-10.41
-1.68,1.59,-10.55
-1.72,1.62,-10.21
-1.33,1.61,-10.09
-1.39,1.71,-10.49
-1.59,1.57,-10.70
-1.55,1.93,-10.21
-1.38,1.95,-10.13
-1.26,1.95,-10.21
-1.11,1.87,-10.47
-1.12,2.09,-10.36
-1.40,1.92,-10.40
-1.30,1.90,-10.18
-1.08,2.02,-10.39
-1.11,2.01,-10.39
-1.15,1.84,-10.38
-1.20,1.89,-10.28
-1.01,2.19,-10.39
-0.97,2.25,-10.28
-0.81,2.28,-10.47
-1.00,2.17,-10.30
-1.08,2.14,-10.50
-0.88,2.13,-10.08
-0.81,2.26,-10.31
-0.79,2.38,-10.39
-0.70,2.36,-10.26
-0.78,2.31,-10.25
-0.75,2.40,-10.31
-0.78,2.25,-10.38
-0.77,2.33,-10.12
-0.77,2.41,-10.41
-0.84,2.27,-10.24
-0.77,2.34,-10.37
-0.82,2.43,-10.27
-0.86,2.33,-10.29
-0.91,2.29,-10.35
-0.89,2.42,-10.21
-0.97,2.33,-10.35
-1.02,2.26,-10.12
-1.00,2.33,-10.36
-1.03,2.35,-10.40
-1.02,2.40,-10.12
-1.02,2.33,-10.45
-1.19,2.30,-10.25
-1.22,2.26,-10.23
-1.22,2.26,-10.22
-1.15,2.38,-10.22
-1.14,2.29,-10.24
-1.12,2.32,-10.23
-1.18,2.46,-10.48
-1.23,2.27,-10.12
-1.14,2.30,-10.27
-1.19,2.32,-10.30
-1.21,2.33,-10.18
-1.19,2.36,-10.28
-1.20,2.27,-10.31
-1.20,2.37,-10.20
-1.28,2.33,-10.32
-1.20,2.36,-10.17
-1.25,2.19,-10.25
-1.16,2.32,-10.13
-1.28,2.41,-10.30
-1.31,2.35,-10.40
-1.26,2.40,-10.22
-1.26,2.33,-10.12
-1.16,2.34,-10.31
-1.29,2.32,-10.29
-1.32,2.25,-10.24
-1.22,2.31,-10.01
-1.20,2.39,-10.46
-1.36,2.35,-10.22
-1.42,2.27,-10.07
-1.35,2.24,-10.17
-1.17,2.47,-10.37
-1.29,2.44,-10.42
-1.49,2.32,-10.05
-1.47,2.31,-10.30
-1.31,2.37,-10.19
-1.35,2.48,-10.22
-1.55,2.18,-10.24
-1.37,2.41,-10.03
-1.40,2.38,-10.35
-1.46,2.28,-10.15
-1.39,2.35,-10.12
-1.46,2.47,-10.37
-1.56,2.31,-10.13
-1.45,2.37,-10.14
-1.46,2.39,-10.31
-1.56,2.38,-10.11
-1.54,2.32,-10.24
-1.39,2.41,-10.21
-1.57,2.35,-10.17
-1.57,2.36,-10.17
-1.49,2.33,-10.23
-1.46,2.39,-10.13
-1.57,2.34,-10.18
-1.54,2.38,-10.24
-1.52,2.35,-10.12
-1.52,2.48,-10.11
-1.63,2.41,-10.36
-1.49,2.36,-10.03
-1.57,2.40,-10.23
-1.63,2.43,-10.24
-1.56,2.42,-10.05
-1.56,2.39,-10.21
-1.57,2.37,-10.22
-1.62,2.42,-10.13
-1.64,2.38,-10.19
-1.56,2.43,-10.13
-1.62,2.40,-10.23
-1.63,2.46,-10.08
-1.60,2.34,-10.22
-1.59,2.44,-10.13
-1.59,2.34,-10.15
-1.60,2.48,-10.26
-1.70,2.32,-10.16
-1.53,2.52,-10.03
-1.64,2.53,-10.24
-1.65,2.34,-10.12
-1.60,2.41,-10.16
-1.67,2.43,-10.19
-1.60,2.45,-10.00
-1.59,2.40,-10.29
-1.66,2.44,-10.21
-1.65,2.45,-10.06
-1.63,2.42,-10.15
-1.69,2.42,-10.20
-1.70,2.48,-10.13
-1.69,2.46,-10.02
-1.70,2.41,-10.23
-1.65,2.49,-10.09
-1.75,2.43,-10.19
-1.70,2.49,-10.06
-1.73,2.42,-10.14
-1.68,2.55,-10.09
-1.80,2.44,-10.13
-1.67,2.39,-10.02
-1.76,2.48,-10.24
-1.81,2.56,-10.19
-1.74,2.47,-9.86
-1.70,2.57,-10.09
-1.83,2.45,-10.13
-1.76,2.52,-10.07
-1.79,2.53,-10.08
-1.79,2.51,-10.13
-1.83,2.49,-10.12
-1.82,2.50,-10.02
-1.79,2.57,-10.15
-1.85,2.49,-10.13
-1.76,2.58,-9.96
-1.84,2.48,-10.11
-1.82,2.59,-10.21
-1.78,2.60,-9.90
-1.80,2.49,-10.12
-1.89,2.52,-10.09
-1.84,2.64,-10.00
-1.78,2.53,-10.07
-1.80,2.58,-10.15
-1.86,2.57,-10.04
-1.82,2.54,-10.06
-1.80,2.56,-10.03
-1.84,2.55,-10.18
-1.82,2.59,-9.95
-1.80,2.57,-10.10
-1.79,2.55,-10.10
-1.81,2.56,-9.94
-1.90,2.60,-10.23
-1.82,2.56,-10.05
-1.79,2.63,-10.02
-1.84,2.55,-10.10
-1.85,2.52,-10.06
-1.88,2.55,-10.07
-1.80,2.65,-9.99
-1.81,2.58,-10.13
-1.88,2.55,-10.06
-1.90,2.60,-10.00
-1.88,2.55,-10.10
-1.79,2.60,-10.02
-1.91,2.51,-10.18
-1.90,2.58,-9.89
-1.89,2.51,-10.11
-1.85,2.58,-10.09
-1.89,2.55,-10.02
-1.93,2.56,-10.02
-1.85,2.55,-10.13
-1.90,2.60,-9.98
-1.88,2.55,-10.05
-1.84,2.54,-10.04
-1.92,2.56,-10.08
-1.91,2.59,-10.03
-1.85,2.53,-10.12
-1.88,2.56,-10.05
-1.97,2.55,-10.02
-1.87,2.56,-10.11
-1.85,2.54,-10.06
-1.94,2.57,-10.00
-1.95,2.60,-10.06
-1.87,2.51,-10.03
-1.89,2.55,-10.08
-1.93,2.56,-10.05
-1.92,2.60,-10.06
-1.88,2.55,-10.07
-1.93,2.56,-10.01
-1.95,2.53,-10.11
-1.88,2.54,-9.94
-1.97,2.54,-10.14
-1.90,2.59,-10.06
-1.90,2.55,-9.95
-1.93,2.56,-10.22
-1.96,2.56,-9.95
-1.92,2.56,-10.02
-1.90,2.54,-10.07
-1.96,2.52,-10.08
-1.94,2.59,-10.02
-1.94,2.52,-10.03
-1.91,2.56,-10.08
-1.93,2.54,-10.03
-1.94,2.55,-10.06
-1.95,2.55,-10.03
-1.94,2.59,-10.05
-1.92,2.62,-9.99
-1.96,2.49,-10.05
-1.90,2.58,-10.02
-2.01,2.57,-10.06
-1.92,2.61,-9.93
-1.92,2.54,-10.13
-1.92,2.57,-10.07
-2.01,2.59,-10.00
-1.96,2.57,-10.04
-1.88,2.64,-9.95
-1.99,2.56,-10.20
-2.00,2.63,-9.84
-1.95,2.58,-10.08
-1.95,2.59,-10.10
-1.97,2.60,-9.94
-2.02,2.57,-10.12
-1.94,2.61,-9.99
-1.96,2.64,-10.00
-2.03,2.65,-10.02
-1.95,2.55,-9.99
-1.98,2.60,-10.01
-2.03,2.65,-10.11
-1.98,2.62,-9.81
-1.96,2.58,-10.12
-2.01,2.60,-10.10
-2.04,2.64,-9.96
-1.98,2.57,-9.97
-1.92,2.67,-10.03
-2.08,2.55,-10.09
-2.01,2.63,-9.81
-1.99,2.59,-10.11
-1.96,2.62,-10.00
-2.02,2.60,-9.96
-2.02,2.60,-10.08
-1.96,2.60,-9.96
-2.00,2.66,-10.09
-2.03,2.69,-9.97
-2.00,2.51,-9.96
-1.99,2.66,-10.06
-2.02,2.66,-10.05
-1.99,2.68,-9.85
-2.00,2.58,-10.11
-1.99,2.68,-9.95
-2.10,2.59,-9.98
-1.93,2.62,-9.93
-2.00,2.66,-10.12
-2.11,2.59,-10.04
-2.00,2.68,-9.84
-1.98,2.61,-10.16
-2.02,2.67,-9.88
-2.06,2.62,-9.96
-2.00,2.67,-10.04
-2.04,2.60,-10.02
-1.99,2.68,-9.99
-2.06,2.72,-10.00
-2.04,2.57,-9.91
-2.01,2.67,-10.11
-2.09,2.66,-9.96
-2.00,2.66,-9.86
-1.98,2.66,-10.13
-2.05,2.66,-10.00
-2.08,2.67,-9.87
-1.98,2.64,-10.03
-1.99,2.68,-9.98
-2.11,2.64,-10.02
-2.04,2.71,-9.87
-2.03,2.61,-10.07
-2.05,2.68,-9.97
-2.02,2.68,-9.96
-2.07,2.70,-10.08
-2.05,2.66,-9.94
-2.01,2.75,-9.98
-2.08,2.75,-9.93
-2.01,2.66,-9.92
-2.03,2.65,-10.02
-2.08,2.72,-9.98
-2.03,2.73,-9.81
-2.03,2.68,-10.08
-2.02,2.71,-9.95
-2.12,2.70,-9.93
-2.01,2.73,-9.89
-2.03,2.73,-10.01
-2.07,2.70,-10.02
-2.09,2.75,-9.86
-2.04,2.67,-10.13
-1.94,2.79,-9.81
-2.10,2.69,-9.99
-2.10,2.73,-10.05
-2.04,2.69,-9.88
-2.01,2.79,-9.96
-2.10,2.81,-9.95
-2.04,2.64,-9.84
-1.99,2.77,-10.05
-2.07,2.83,-10.02
-2.05,2.73,-9.78
-1.95,2.79,-9.97
-1.99,2.92,-10.03
-2.06,2.86,-10.02
-1.91,2.83,-9.81
-2.02,3.00,-9.98
-2.57,3.49,-10.30
-3.66,2.77,-10.95
-3.43,5.03,-12.28
-2.38,3.26,-12.45
-1.65,3.44,-9.45
-2.15,2.29,-11.78
-1.30,2.34,-11.53
-1.46,0.45,-10.54
-0.18,0.55,-10.17
-0.18,0.26,-9.56
-0.22,-0.76,-9.91
0.96,-0.44,-10.27
2.20,0.94,-9.84
2.11,0.05,-8.26
2.51,-0.39,-10.99
1.70,-0.39,-7.64
-0.71,-2.20,-10.54
-1.72,-2.36,-10.45
-2.07,-2.75,-10.24
-2.09,-2.25,-9.45
-1.27,-1.07,-11.17
-1.94,-1.10,-9.86
-2.03,-2.75,-11.82
-0.56,-1.13,-11.90
-0.68,-0.37,-11.68
0.66,0.26,-9.28
-1.03,-1.67,-8.72
-1.39,-2.39,-8.16
-0.88,-1.63,-13.39
-1.59,-1.21,-13.21
-2.06,-0.98,-10.22
-2.61,-1.43,-10.56
-1.86,-1.14,-10.81
-2.14,-1.54,-10.33
-2.30,-1.59,-9.49
-2.45,-1.88,-10.75
-2.28,-1.35,-10.20
-1.67,-1.68,-10.24
-2.01,-2.64,-10.53
-1.99,-2.38,-10.14
-1.91,-2.37,-10.52
-1.88,-2.07,-10.13
-1.93,-1.93,-10.19
-2.17,-2.21,-10.14
-1.92,-2.20,-9.73
-2.22,-2.22,-9.73
-2.35,-2.07,-10.42
-2.21,-2.15,-10.26
-2.30,-2.13,-10.18
-2.04,-2.00,-10.20
-2.59,-2.26,-9.99
ets Jun  8 2016 00:22:57

rst:0x1 (POWERON_RESET),boot:0x13 (SPI_FAST_FLASH_BOOT)
configsip: 0, SPIWP:0xee
clk_drv:0x00,q_drv:0x00,d_drv:0x00,cs0_drv:0x00,hd_drv:0x00,wp_drv:0x00
mode:DIO, clock div:1
load:0x3fff0018,len:4
load:0x3fff001c,len:1216
ho 0 tail 12 room 4
load:0x40078000,len:10944
load:0x40080400,len:6388
entry 0x400806b4










-,-,-
-2.19,-4.12,-9.31
-2.24,-4.19,-9.40
-2.21,-4.14,-9.40
-2.13,-4.47,-9.40
-2.20,-4.28,-9.46
-2.31,-4.41,-9.49
-2.16,-4.11,-9.39
-1.98,-3.31,-9.61
-2.69,-2.61,-7.60
-4.60,-2.63,-6.73
-6.31,-0.75,-6.67
-7.33,-0.92,-14.57
-7.47,-1.98,-11.03
-6.84,-1.02,-6.63
-6.09,-0.55,-6.80
-6.59,1.09,-7.04
-6.26,1.39,-6.71
-6.13,0.68,-7.83
-5.49,0.40,-7.35
-5.01,0.61,-8.28
-5.61,1.47,-10.23
-4.89,0.80,-9.20
-5.66,2.44,-9.79
-4.95,1.04,-8.55
-4.42,1.88,-8.56
-4.89,3.60,-10.21
-4.76,2.32,-9.53
-4.01,2.80,-9.01
-3.85,2.22,-7.89
-3.34,2.26,-5.75
-3.12,2.04,-7.47
-2.82,0.55,-8.18
-4.19,2.74,-8.75
-3.71,1.88,-7.91
-2.97,3.68,-6.93
-2.53,10.31,-6.68
-2.26,21.05,-3.19
-2.57,9.43,-10.98
-3.34,9.42,-9.84
-2.90,8.90,-4.68
-2.15,9.23,-0.97
-2.98,8.34,-3.58
-2.98,6.63,-4.21
-3.09,6.88,-3.12
-3.50,8.98,-3.07
-3.59,8.86,-4.50
-3.56,9.23,-4.51
-3.40,9.49,-3.82
-3.18,9.53,-4.62
-2.90,9.31,-5.04
-2.78,9.50,-4.28
-2.63,9.58,-2.99
-2.69,9.18,-2.62
-2.89,8.83,-3.09
-3.00,8.51,-2.95
-3.11,8.20,-2.70
-3.13,7.89,-2.77
-3.32,8.19,-3.22
-3.36,8.39,-3.67
-3.31,8.82,-3.65
-3.22,9.02,-3.79
-3.16,9.21,-3.96
-3.00,9.19,-3.77
-2.89,9.06,-3.46
-2.87,9.11,-3.35
-2.90,8.93,-3.16
-2.98,8.74,-3.01
-3.05,8.63,-2.97
-3.15,8.35,-3.00
-3.27,8.22,-2.78
-3.71,8.60,-3.42
-4.15,8.17,-4.88
-4.02,7.82,-5.03
-4.17,8.50,-4.46
-3.99,8.76,-4.44
-3.44,7.98,-4.42
-3.42,7.09,-4.39
-3.67,8.14,-4.14
-5.21,6.20,-7.78
-5.99,5.54,-7.11
-5.96,5.62,-4.29
-5.78,5.61,-4.08
-6.26,5.61,-5.28
-6.08,6.36,-5.61
-6.45,5.93,-5.83
-6.41,6.51,-4.49
-6.34,4.73,-4.78
-6.96,5.28,-7.09
-7.92,5.14,-4.47
-7.38,3.35,-4.84
-8.10,3.75,-4.52
-8.35,3.45,-4.87
-8.63,3.24,-4.82
-8.26,2.39,-2.66
-8.53,3.92,-2.33
-8.63,3.17,-4.01
-8.74,2.91,-2.29
-8.77,2.76,-2.28
-8.77,2.66,-2.42
-8.97,3.00,-3.24
-8.98,2.88,-3.58
-9.04,3.04,-2.99
-8.97,2.83,-3.70
-8.74,2.82,-3.04
-8.53,2.96,-2.92
-8.56,2.80,-3.10
-8.64,2.76,-2.49
-8.86,2.92,-2.56
-8.97,2.55,-2.61
-9.15,2.84,-2.43
-9.10,2.59,-2.45
-8.98,2.81,-2.42
-8.87,2.77,-2.72
-8.69,2.77,-2.53
-8.72,2.78,-2.68
-8.79,2.70,-2.76
-8.89,2.82,-2.55
-8.90,2.67,-2.65
-8.89,2.72,-2.42
-8.94,3.50,-2.72
-8.87,2.96,-2.24
-8.90,2.88,-2.54
-8.90,2.79,-2.31
-8.88,2.90,-2.49
-8.84,3.06,-2.61
-8.78,2.87,-2.56
-8.79,3.09,-2.63
-8.83,2.97,-2.86
-8.67,3.11,-2.62
-8.63,3.24,-2.63
-8.70,3.13,-2.41
-8.76,3.14,-2.53
-8.78,3.40,-2.70
-8.77,3.43,-2.67
-8.73,3.45,-2.80
-8.62,3.46,-2.47
-8.60,3.51,-2.62
-8.56,3.49,-2.66
-8.56,3.59,-2.55
-8.61,3.60,-2.60
-8.60,3.65,-2.57
-8.58,3.77,-2.53
-8.54,3.60,-2.66
-8.50,3.66,-2.49
-8.36,3.70,-2.53
-8.27,3.96,-2.53
-8.38,3.80,-2.64
-8.59,3.92,-2.64
-8.74,3.94,-2.59
-8.71,3.97,-2.49
-8.56,3.88,-2.25
-8.38,3.85,-2.46
-8.31,4.08,-2.34
-8.20,3.86,-2.54
-8.22,4.13,-2.38
-8.38,4.09,-2.66
-8.49,4.10,-2.78
-8.56,4.00,-2.57
-8.49,4.04,-2.32
-8.39,4.14,-2.48
-8.33,4.04,-2.33
-8.28,4.01,-2.29
-8.33,4.20,-2.43
-8.36,4.17,-2.34
-8.43,4.19,-2.46
-8.46,4.11,-2.55
-8.48,4.24,-2.40
-8.41,4.07,-2.40
-8.33,4.12,-2.19
-8.33,4.18,-2.38
-8.34,4.19,-2.21
-8.40,4.12,-2.25
-8.38,4.10,-2.32
-8.37,4.30,-2.24
-8.40,4.17,-2.44
-8.37,4.16,-2.21
-8.37,4.23,-2.45
-8.35,4.27,-2.23
-8.33,4.24,-2.31
-8.38,4.29,-2.25
-8.38,4.26,-2.21
-8.38,4.25,-2.31
-8.36,4.19,-2.24
-8.40,4.33,-2.25
-8.37,4.21,-2.24
-8.54,4.35,-2.60
-8.57,4.00,-2.04
-8.71,4.31,-2.48
-8.63,3.96,-2.32
-8.37,3.89,-1.77
-8.13,3.94,-2.56
-7.98,4.11,-2.55
-8.03,3.95,-2.52
-8.32,3.91,-2.53
-8.59,3.86,-2.49
-8.70,3.94,-2.36
-8.68,3.90,-2.39
-8.57,4.07,-2.38
-8.49,4.07,-2.29
-8.35,3.79,-2.43
-8.30,4.02,-2.23
-8.40,4.03,-2.33
-8.48,3.87,-2.25
-8.53,3.91,-2.29
-8.57,3.92,-2.39
-8.54,3.98,-2.24
-8.51,3.89,-2.48
-8.43,3.94,-2.27
-8.36,4.12,-2.32
-8.39,3.99,-2.27
-8.45,4.02,-2.14
-8.52,3.96,-2.14
-8.52,4.02,-2.15
-8.51,4.01,-2.26
-8.53,4.38,-2.36
-8.63,3.97,-2.52
-8.48,3.86,-2.19
-8.36,4.02,-2.07
-8.31,4.20,-2.04
-8.39,4.10,-2.09
-8.42,3.85,-2.17
-8.43,3.99,-2.15
-8.45,4.26,-2.36
-8.45,4.22,-2.32
-8.43,4.16,-2.35
-8.36,4.12,-2.16
-8.32,4.15,-2.36
-8.28,4.19,-2.12
-8.33,4.26,-2.13
-8.36,4.20,-2.26
-8.35,4.26,-2.16
-8.37,4.28,-2.26
-8.36,4.37,-2.31
-8.31,4.34,-2.41
-8.28,4.38,-2.42
-8.28,4.37,-2.30
-8.31,4.38,-2.27
-8.30,4.29,-2.19
-8.32,4.38,-2.09
-8.31,4.30,-2.27
-8.31,4.28,-2.13
-8.28,4.28,-2.29
-8.23,4.28,-2.27
-8.22,4.43,-2.35
-8.22,4.40,-2.37
-8.25,4.37,-2.15
-8.35,4.40,-2.35
-8.36,4.34,-2.17
-8.31,4.43,-2.19
-8.27,4.39,-2.26
-8.26,4.45,-2.07
-8.23,4.39,-2.31
-8.20,4.50,-2.12
-8.18,4.42,-2.35
-8.14,4.42,-2.15
-8.20,4.45,-2.31
-8.31,4.53,-2.20
-8.35,4.45,-2.12
-8.35,4.39,-2.19
-8.25,4.50,-2.04
-8.12,4.59,-2.23
-8.03,4.52,-2.21
-7.97,4.67,-2.11
-8.16,4.58,-2.36
-8.30,4.53,-2.07
-8.37,4.65,-2.24
-8.32,4.66,-2.21
-8.18,4.63,-2.13
-7.94,4.57,-2.04
-7.87,4.88,-2.21
-8.05,4.79,-2.49
-8.23,4.59,-1.70
-8.31,4.58,-2.16
-8.29,4.65,-1.97
-8.15,4.72,-1.98
-8.01,4.71,-2.05
-7.77,4.55,-1.86
-7.72,5.26,-2.08
-8.09,4.89,-2.82
-8.40,4.76,-1.32
-8.50,4.69,-2.06
-8.36,4.75,-1.72
-8.07,4.90,-1.65
-7.89,4.94,-1.96
-7.74,4.99,-1.78
-7.83,4.94,-2.13
-8.03,4.84,-2.00
-8.20,4.82,-2.08
-8.24,4.92,-1.91
-8.16,4.85,-1.90
-8.01,4.91,-1.92
-7.88,4.94,-1.72
-7.88,4.95,-1.91
-7.85,4.79,-1.88
-7.77,4.84,-2.00
-8.00,5.22,-2.21
-8.21,4.92,-1.85
-8.28,5.02,-1.93
-8.20,4.99,-1.83
-8.01,4.94,-1.68
-7.81,5.05,-1.86
-7.60,4.90,-1.83
-7.63,5.42,-2.00
-7.93,5.05,-2.26
-8.22,5.00,-1.69
-8.31,5.03,-1.97
-8.20,5.08,-1.70
-7.94,5.07,-1.76
-7.72,5.16,-1.74
-7.68,5.22,-1.83
-7.77,5.09,-1.93
-7.96,5.04,-1.84
-8.07,4.99,-1.91
-8.13,5.09,-1.90
-8.06,5.09,-1.73
-7.94,5.08,-1.86
-7.88,5.12,-1.87
-7.83,5.06,-1.79
-7.90,5.07,-1.88
-7.95,4.97,-1.84
-7.98,5.10,-1.90
-8.01,5.10,-1.81
-8.01,5.00,-1.80
-7.96,5.01,-1.76
-7.92,5.13,-1.77
-7.89,5.04,-1.88
-7.92,4.99,-1.79
-7.97,4.99,-1.86
-7.99,5.09,-1.87
-8.00,4.99,-1.75
-7.97,4.98,-1.75
-7.96,5.10,-1.75
-7.92,5.01,-1.77
-7.98,5.07,-1.80
-7.97,5.04,-1.87
-7.97,5.04,-1.88
-7.96,4.99,-1.87
-7.96,5.13,-1.76
-7.93,4.99,-1.72
-7.92,5.14,-1.75
-7.95,5.08,-1.73
-7.99,5.07,-1.72
-7.99,5.08,-1.79
-8.00,5.08,-1.80
-8.00,5.06,-1.74
-7.92,5.00,-1.80
-7.90,5.10,-1.82
-7.92,5.11,-1.79
-7.98,5.08,-1.78
-7.98,5.04,-1.72
-7.97,5.09,-1.82
-7.95,5.09,-1.80
-7.96,5.07,-1.76
-7.94,5.04,-1.75
-7.94,5.04,-1.83
-7.94,5.03,-1.73
-7.92,5.02,-1.80
-7.83,5.03,-1.69
-7.89,5.16,-1.97
-7.99,5.12,-1.75
-8.03,5.04,-1.74
-8.02,5.00,-1.74
-7.92,5.06,-1.72
-7.89,5.22,-1.83
-7.91,5.00,-1.78
-7.99,5.07,-1.71
-8.00,5.00,-1.96
-7.89,5.01,-1.69
-7.82,5.08,-1.80
-7.82,5.19,-1.61
-7.92,5.22,-1.79
-8.00,5.08,-1.68
-8.01,5.04,-1.76
-7.95,4.96,-1.59
-7.84,5.12,-1.59
-7.76,5.20,-1.46
-7.87,5.50,-1.67
-8.02,5.17,-1.72
-8.10,5.04,-1.67
-8.06,4.96,-1.82
-7.94,5.17,-1.65
-7.87,5.11,-1.59
-7.90,5.26,-1.63
-7.89,5.11,-1.61
-7.91,5.21,-1.41
-7.94,5.17,-1.68
-7.96,5.03,-1.49
-7.93,4.96,-1.51
-7.88,5.05,-1.64
-7.90,5.14,-1.69
-8.00,5.00,-1.58
-8.06,5.07,-1.52
-8.12,4.98,-1.70
-8.05,5.09,-1.63
-7.94,5.10,-1.71
-7.86,5.08,-1.54
-7.84,5.12,-1.54
-7.87,5.02,-1.56
-7.93,5.16,-1.43
-8.01,4.97,-1.61
-8.06,5.02,-1.43
-8.06,4.97,-1.60
-8.07,5.02,-1.65
-8.00,5.12,-1.62
-7.91,5.13,-1.76
-7.85,5.23,-1.54
-7.80,5.11,-1.55
-7.83,5.14,-1.34
-7.98,5.19,-1.56
-8.05,5.08,-1.53
-8.11,5.15,-1.63
-8.18,5.12,-1.74
-8.01,4.96,-1.66
-7.83,5.07,-1.48
-7.64,5.15,-1.83
-7.67,5.27,-1.54
-7.82,5.23,-1.73
-8.02,5.10,-1.53
-8.30,5.54,-1.83
-8.85,5.75,-2.78
-8.81,4.79,-0.66
-8.07,4.47,-1.41
-7.23,4.65,-2.40
-6.66,5.19,-2.20
-6.90,5.59,-3.11
-7.57,5.12,-2.93
-8.16,4.91,-2.34
-8.55,4.98,-2.56
-8.57,5.17,-2.25
-8.23,5.12,-1.88
-7.80,5.26,-1.93
-7.47,5.18,-1.88
-7.39,5.31,-1.89
-7.56,5.12,-2.23
-7.84,5.15,-2.16
-8.05,5.13,-2.34
-8.11,5.20,-2.30
-8.01,5.18,-2.26
-7.83,5.17,-2.15
-7.68,5.29,-1.98
-7.64,5.22,-2.01
-7.72,5.19,-1.94
-7.85,5.10,-2.02
-7.94,5.32,-2.08
-7.90,5.08,-2.29
-7.87,5.37,-2.12
-7.82,5.26,-2.11
-7.78,5.28,-2.01
-7.76,5.26,-1.98
-7.81,5.28,-1.94
-7.84,5.18,-1.98
-7.81,5.16,-2.00
-7.82,5.27,-2.10
-7.82,5.22,-2.13
-7.80,5.21,-2.04
-7.76,5.27,-2.10
-7.80,5.26,-1.98
-7.84,5.29,-2.04
-7.81,5.22,-1.92
-7.83,5.29,-2.04
-7.81,5.25,-2.02
-7.78,5.16,-2.01
-7.77,5.24,-2.07
-7.70,5.22,-1.94
-7.78,5.19,-2.13
-7.84,5.28,-1.89
-7.87,5.32,-2.00
-7.85,5.22,-1.97
-7.79,5.21,-2.00
-7.71,5.25,-2.06
-7.73,5.33,-2.02
-7.73,5.31,-1.91
-7.75,5.29,-1.92
-7.81,5.31,-1.95
-7.85,5.26,-1.91
-7.85,5.26,-1.90
-7.77,5.28,-1.97
-7.74,5.35,-2.04
-7.72,5.34,-2.01
-7.74,5.34,-1.91
-7.77,5.27,-1.97
-7.89,5.59,-1.95
-8.12,5.47,-2.31
-7.62,5.13,-2.42
-7.59,6.98,-2.69
-7.88,6.39,-3.03
-7.99,6.05,-2.86
-7.98,5.71,-3.27
-7.94,5.99,-3.24
-7.83,5.75,-3.72
-7.73,6.19,-3.48
-7.39,6.44,-2.31
-7.56,5.71,-4.41
-7.36,7.04,-4.44
-7.35,5.59,-4.27
-7.37,5.27,-4.18
-7.11,6.68,-5.57
-6.55,5.84,-4.88
-6.21,6.50,-4.79
-5.66,5.46,-5.27
-5.20,6.10,-4.08
-4.92,5.94,-3.42
-5.04,4.90,-3.13
-5.41,5.10,-2.19
-6.94,6.05,-2.23
-7.96,3.21,-3.87
-8.91,5.59,-4.36
-8.78,2.83,-4.38
-8.10,4.34,-6.93
-7.48,3.48,-4.71
-7.40,3.10,-4.17
-7.56,2.18,-12.95
-4.77,-0.20,-6.20
-4.79,-0.45,-9.26
-5.67,-2.40,-7.04
-5.40,-2.46,-5.10
-4.76,-3.08,-7.78
-3.25,-3.40,-9.09
-2.94,-3.58,-9.34
-3.15,-3.31,-9.08
-4.26,-5.12,-9.05
-3.16,-4.62,-8.72
-2.98,-4.76,-9.24
-2.96,-4.76,-8.77
-2.92,-4.59,-8.66
-3.69,-4.53,-8.86
-3.28,-4.03,-9.57
-3.01,-4.19,-8.87
-3.20,-4.24,-8.87
-3.03,-4.20,-9.43
-3.25,-4.20,-8.95
-2.93,-3.97,-9.49
-2.84,-3.88,-9.20
-2.87,-3.91,-9.26
-2.91,-4.07,-9.42
-2.68,-3.95,-9.55
-2.84,-3.83,-9.22
-2.77,-3.89,-9.35
-2.82,-3.90,-9.46
-2.79,-3.92,-9.33
-2.79,-3.79,-9.30
-2.77,-3.90,-9.56
-2.63,-3.75,-9.34
ets Jun  8 2016 00:22:57

rst:0x1 (POWERON_RESET),boot:0x13 (SPI_FAST_FLASH_BOOT)
configsip: 0, SPIWP:0xee
clk_drv:0x00,q_drv:0x00,d_drv:0x00,cs0_drv:0x00,hd_drv:0x00,wp_drv:0x00
mode:DIO, clock div:1
load:0x3fff0018,len:4
load:0x3fff001c,len:1216
ho 0 tail 12 room 4
load:0x40078000,len:10944
load:0x40080400,len:6388
entry 0x400806b4










-,-,-
-2.36,-5.26,-8.42
-2.86,-5.30,-9.10
-3.03,-4.60,-8.77
-2.15,-5.53,-9.08
-2.27,-5.54,-9.95
-1.45,-4.97,-9.83
-1.21,-4.56,-10.05
-0.49,-5.10,-9.30
0.23,-4.30,-9.00
1.23,-4.59,-9.63
2.66,-4.05,-9.90
3.44,-4.05,-9.76
3.65,-4.43,-9.76
4.18,-4.32,-9.37
4.62,-4.53,-7.92
5.37,-4.79,-8.01
5.95,-4.67,-7.43
7.15,-4.50,-7.80
6.86,-4.61,-8.23
5.11,-4.35,-12.18
-4.84,-3.27,4.04
-2.33,-3.75,14.05
-3.28,-8.78,11.09
-2.12,-8.39,6.54
-0.79,-7.10,6.02
-0.72,-6.97,4.91
-1.16,-7.45,6.82
-1.31,-7.32,7.01
-0.69,-7.05,6.10
0.11,-6.51,6.48
-0.09,-6.57,6.18
-0.33,-6.77,6.46
-0.46,-6.98,6.42
-0.66,-7.18,6.50
-0.57,-7.12,6.39
-0.39,-7.07,7.27
-0.02,-6.77,6.45
0.34,-6.60,6.98
0.78,-6.23,7.52
1.65,-5.85,7.33
2.24,-5.44,6.84
2.25,-5.67,8.04
2.75,-5.61,7.02
2.98,-5.44,7.43
3.13,-5.51,7.14
3.38,-5.60,6.91
3.74,-5.68,7.33
4.00,-5.50,6.20
4.24,-5.67,6.66
4.66,-5.57,6.36
5.13,-5.49,6.35
5.68,-5.20,5.70
5.84,-5.31,5.86
6.13,-5.27,5.46
6.34,-5.29,4.98
7.02,-5.17,4.64
7.16,-5.38,3.43
7.13,-5.41,1.79
7.73,-5.05,-1.48
8.13,-5.19,-3.46
7.89,-5.03,-4.34
7.78,-4.77,-5.28
7.20,-5.11,-5.49
6.93,-4.76,-5.99
6.22,-4.83,-5.79
5.38,-4.56,-6.67
3.98,-4.54,-7.33
1.99,-4.64,-7.81
-0.85,-4.65,-8.05
-4.28,-4.93,-9.82
-6.51,-5.58,-10.94
-5.95,-5.33,-9.94
-5.37,-4.96,-8.13
-5.54,-5.36,-6.54
-6.17,-5.77,-6.10
-6.26,-5.53,-5.84
-6.31,-5.32,-5.60
-6.51,-5.34,-5.17
-6.57,-5.40,-5.34
-6.86,-5.42,-5.22
-6.93,-5.60,-4.93
-6.88,-5.70,-4.40
-7.18,-5.35,-4.74
-7.07,-5.41,-4.10
-7.15,-5.38,-4.19
-7.25,-5.13,-4.48
-7.11,-5.19,-5.36
-6.82,-4.81,-5.43
-6.73,-4.92,-5.76
-7.00,-5.16,-5.63
-7.21,-5.29,-5.23
-7.17,-5.19,-4.89
-7.01,-5.03,-4.87
-6.86,-4.83,-4.96
-7.05,-4.92,-4.98
-7.27,-5.30,-4.75
-7.25,-5.09,-4.80
-7.18,-4.96,-5.04
-7.24,-5.07,-4.83
-7.26,-4.99,-4.60
-7.17,-4.92,-4.64
-7.17,-4.94,-4.72
-7.27,-5.05,-4.77
-7.34,-4.98,-4.77
-7.33,-4.92,-4.64
-7.30,-4.98,-4.61
-7.36,-4.86,-4.62
-7.34,-4.93,-4.64
-7.37,-4.90,-4.64
-7.38,-4.80,-4.63
-7.30,-4.81,-4.49
-7.21,-4.80,-4.47
-7.18,-4.67,-4.65
-7.66,-4.69,-4.82
-7.89,-4.94,-4.40
-7.91,-4.63,-4.36
-7.71,-4.67,-4.36
-7.49,-4.60,-4.37
-7.48,-4.65,-4.60
-7.48,-4.67,-4.62
-7.47,-4.49,-4.63
-7.64,-4.54,-4.40
-7.75,-4.70,-4.30
-7.63,-4.55,-4.34
-7.60,-4.56,-4.58
-7.67,-4.63,-4.51
-7.63,-4.46,-4.42
-7.67,-4.52,-4.36
-7.37,-4.73,-4.27
-6.85,-4.92,-4.14
-7.00,-5.04,-4.46
-7.00,-4.83,-4.68
-7.56,-4.37,-5.92
-7.42,-4.03,-4.08
-7.50,-3.62,-3.40
-7.71,-3.75,-4.07
-7.71,-4.11,-4.47
-7.86,-4.27,-3.98
-8.16,-4.32,-4.00
-8.32,-4.30,-4.82
-8.54,-4.36,-5.26
-8.80,-4.55,-5.17
-8.82,-4.17,-5.06
-8.22,-4.10,-4.44
-7.41,-3.39,-3.58
-7.63,-3.63,-4.49
-8.30,-3.81,-5.48
-7.54,-3.15,-3.84
-7.54,-2.78,-3.42
-9.36,-4.35,-5.57
-9.56,-4.17,-4.63
-8.68,-3.52,-2.78
-8.26,-3.53,-3.85
-8.05,-3.18,-4.82
-8.27,-3.74,-4.46
-7.91,-3.45,-3.24
-7.73,-3.62,-4.16
-8.58,-4.22,-5.39
-8.83,-4.47,-4.72
-7.82,-3.26,-3.69
-8.01,-3.14,-4.29
-8.42,-3.28,-3.48
-8.90,-4.24,-3.44
-7.93,-3.34,-3.78
-7.40,-3.45,-4.07
-7.73,-3.80,-3.99
-8.86,-4.86,-4.79
-7.87,-3.88,-3.66
-7.92,-3.62,-4.37
-8.51,-4.13,-4.83
-8.40,-3.64,-3.63
-8.26,-3.51,-3.69
-8.05,-3.75,-3.91
-7.37,-3.12,-3.89
-8.45,-4.01,-5.15
-8.21,-3.99,-3.75
-7.97,-4.03,-3.72
-7.23,-3.41,-3.39
-8.88,-4.00,-5.35
-9.68,-4.98,-5.14
-7.96,-2.94,-2.09
-8.35,-3.37,-3.70
-8.33,-3.83,-4.83
-7.86,-3.26,-4.26
-8.48,-4.37,-5.11
-7.25,-3.85,-3.67
-6.71,-3.35,-4.53
-7.67,-3.89,-6.22
-8.35,-3.85,-4.40
-8.80,-4.15,-3.56
-9.01,-4.04,-3.97
-8.60,-3.77,-4.64
-7.35,-2.91,-3.75
-7.33,-2.91,-4.89
-8.18,-3.86,-5.08
-8.55,-4.33,-4.66
-8.27,-3.91,-4.15
-8.37,-4.02,-5.23
-7.74,-3.88,-4.47
-6.63,-3.19,-3.84
-7.12,-3.43,-5.09
-8.39,-4.43,-6.14
-8.50,-4.56,-4.80
-8.08,-3.59,-3.87
-7.92,-3.13,-5.21
-7.95,-3.18,-4.67
-7.71,-3.21,-3.04
-8.82,-4.23,-5.46
-8.57,-4.59,-5.69
-7.29,-3.22,-4.61
-6.89,-3.40,-4.81
-6.82,-3.72,-4.73
-6.85,-3.48,-4.43
-8.75,-4.14,-6.31
-9.80,-4.68,-5.61
-8.56,-3.32,-3.31
-8.07,-3.03,-4.22
-7.99,-3.23,-5.31
-7.23,-3.01,-4.24
-7.55,-3.67,-4.57
-7.81,-4.28,-5.21
-7.08,-3.50,-5.27
-7.13,-2.99,-5.55
-8.15,-3.69,-5.54
-9.07,-4.27,-4.80
-8.84,-4.03,-4.32
-8.04,-2.91,-4.71
-8.16,-3.01,-5.27
-8.47,-3.46,-4.85
-7.61,-3.51,-3.92
-7.00,-3.30,-5.17
-6.89,-3.19,-5.98
-6.92,-2.83,-5.09
-8.14,-3.19,-4.52
-9.53,-4.22,-5.34
-9.15,-4.41,-5.25
-7.52,-3.08,-4.24
-7.32,-2.58,-5.49
-7.91,-3.16,-5.76
-8.55,-3.50,-4.97
-8.27,-3.23,-4.56
-7.25,-2.77,-4.70
-7.52,-3.28,-5.60
-8.05,-3.49,-5.32
-8.03,-3.54,-4.43
-7.88,-2.97,-5.17
-8.31,-3.50,-6.05
-8.59,-3.59,-4.49
-8.46,-3.39,-4.98
-7.70,-2.93,-4.68
-7.52,-2.73,-4.71
-8.19,-3.56,-5.82
-7.45,-3.39,-4.03
-7.16,-2.82,-5.13
-7.78,-3.64,-6.05
-8.24,-3.55,-5.22
-8.53,-3.63,-5.13
-8.09,-2.97,-4.49
-7.95,-2.75,-4.51
-8.37,-3.45,-4.82
-8.63,-3.63,-4.99
-7.93,-3.14,-5.32
-7.63,-3.00,-5.59
-7.06,-2.71,-5.27
-7.47,-1.99,-6.00
-7.71,-2.03,-6.78
-8.78,-2.31,-6.44
-8.54,-2.14,-5.10
-8.38,-1.31,-5.27
-7.65,-0.27,-5.73
-8.94,-1.29,-6.30
-8.60,-1.09,-6.10
-8.21,-0.08,-6.35
-7.99,-0.41,-6.88
-8.21,0.41,-7.17
-7.75,-0.53,-6.25
-7.25,-0.03,-6.34
-7.18,-0.28,-8.60
-7.25,-1.25,-9.17
-5.86,0.48,-7.81
-6.49,-1.89,-9.01
-6.26,0.22,-9.22
-6.07,-1.56,-8.30
-5.31,-1.59,-7.77
-4.57,-3.41,-9.08
-3.43,-2.69,-6.93
-2.89,-3.86,-6.16
-2.33,-2.82,-7.42
-2.43,-2.79,-8.17
-3.81,-4.65,-10.62
-3.52,-5.26,-11.89
-2.22,-5.50,-9.28
-1.02,-5.37,-7.10
-0.24,-4.95,-6.72
-0.27,-5.71,-8.57
-0.56,-5.81,-8.83
-0.94,-5.88,-8.02
-0.50,-5.92,-7.37
-1.89,-7.61,-9.45
-1.66,-5.79,-10.28
-2.03,-5.54,-8.69
-1.32,-5.28,-9.39
-1.96,-5.83,-8.97
-1.56,-5.74,-8.88
-1.98,-6.06,-8.20
-1.71,-5.60,-8.31
-1.98,-6.43,-8.84
-2.39,-6.33,-8.43
-2.38,-6.04,-8.39
-1.65,-5.94,-8.05
-2.70,-5.61,-8.58
-2.55,-5.21,-8.72
-2.38,-5.78,-8.57
-2.42,-6.00,-8.16
-2.53,-6.35,-7.86
-2.09,-6.23,-8.66
-1.95,-4.94,-8.61
-2.02,-5.24,-8.78
-1.76,-5.46,-8.61
-1.47,-5.30,-8.89
-0.99,-4.79,-8.76
-0.41,-5.21,-9.46
0.29,-4.82,-9.12
0.69,-5.13,-9.83
0.97,-5.22,-9.34
0.96,-5.35,-9.34
1.21,-5.30,-9.32
1.55,-4.85,-8.90
1.50,-4.92,-8.95
1.82,-4.65,-9.14
2.71,-4.84,-9.23
3.28,-4.52,-9.60
3.09,-4.45,-9.08
3.34,-4.68,-9.49
3.32,-4.50,-8.98
3.32,-4.68,-9.15
3.35,-4.66,-9.06
3.41,-4.37,-9.01
3.25,-4.64,-9.14
3.02,-4.91,-8.87
3.12,-4.76,-9.02
3.26,-4.61,-9.01
3.11,-4.88,-9.01
3.04,-4.79,-8.94
3.08,-4.91,-9.00
3.12,-4.87,-9.00
3.08,-4.87,-8.98
3.06,-5.02,-9.04
3.03,-4.93,-9.01
3.00,-4.94,-8.96
2.94,-4.96,-8.91
2.99,-4.99,-8.92
2.95,-5.07,-8.97
2.85,-5.01,-8.89
2.85,-5.03,-8.86
3.00,-5.06,-9.01
2.90,-5.08,-8.88
2.85,-5.08,-8.88
2.86,-5.08,-8.94
2.94,-5.07,-8.94
2.85,-5.03,-8.87
2.86,-5.15,-8.88
2.86,-5.03,-8.92
2.85,-5.07,-8.90
2.88,-5.12,-8.91
2.86,-5.11,-8.89
2.89,-5.07,-8.89
2.88,-5.13,-8.91
2.80,-5.12,-8.86
2.78,-5.11,-8.88
2.84,-5.09,-8.93
2.77,-4.99,-8.85
3.19,-4.48,-8.89
2.79,-5.51,-9.01
ets Jun  8 2016 00:22:57

rst:0x1 (POWERON_RESET),boot:0x13 (SPI_FAST_FLASH_BOOT)
configsip: 0, SPIWP:0xee
clk_drv:0x00,q_drv:0x00,d_drv:0x00,cs0_drv:0x00,hd_drv:0x00,wp_drv:0x00
mode:DIO, clock div:1
load:0x3fff0018,len:4
load:0x3fff001c,len:1216
ho 0 tail 12 room 4
load:0x40078000,len:10944
load:0x40080400,len:6388
entry 0x400806b4










-,-,-
-5.02,-5.99,-12.17
-5.67,-5.69,-10.53
-5.34,-6.13,-10.36
-4.38,-5.60,-10.64
-3.96,-4.90,-9.76
-3.17,-3.07,-9.10
-1.78,-2.14,-8.26
-0.73,-2.86,-11.47
0.43,-2.59,-11.13
2.33,-2.14,-6.00
2.63,-2.43,-7.23
4.08,-1.17,-7.31
4.40,0.80,-9.05
5.65,1.97,-9.36
5.45,1.81,-11.61
4.77,1.48,-9.64
4.20,1.34,-9.28
4.02,2.04,-10.92
4.48,1.67,-11.01
4.10,1.18,-10.38
4.23,1.31,-9.34
3.45,0.16,-9.43
3.53,0.91,-12.40
3.48,1.80,-8.91
2.70,1.41,-7.41
1.19,0.85,-8.90
0.15,1.87,-11.93
0.40,8.89,-19.01
1.33,4.34,-10.20
1.08,2.66,-10.23
1.16,2.71,-10.25
1.33,1.20,-10.44
1.14,0.82,-10.36
0.99,3.26,-11.23
1.17,2.00,-10.82
0.29,1.92,-11.65
0.36,0.28,-11.15
1.00,1.48,-9.65
0.82,0.62,-10.70
0.28,1.52,-11.18
1.19,0.55,-7.35
1.04,0.76,-9.21
1.11,0.67,-10.85
1.26,0.49,-10.58
0.88,0.86,-10.50
1.10,-0.30,-10.62
0.96,-0.38,-10.87
0.75,-0.26,-10.71
0.89,-1.48,-10.59
1.10,-0.96,-10.65
0.67,-1.72,-10.65
0.83,-3.29,-10.18
0.12,-3.06,-10.27
-0.02,-3.97,-10.09
1.40,-2.24,-10.39
0.62,-2.04,-10.52
0.84,-2.43,-10.48
0.91,-2.39,-10.43
0.95,-2.44,-10.38
0.34,-1.91,-10.58
1.46,-2.70,-10.23
1.16,-3.03,-10.20
0.76,-2.31,-10.39
1.47,-3.06,-10.08
1.36,-2.18,-10.48
0.89,-2.27,-10.27
0.98,-2.15,-10.48
0.57,-1.63,-10.53
1.24,-2.62,-10.52
-0.16,-3.34,-10.17
-2.07,-2.74,-9.79
-0.26,-5.44,-9.21
-0.68,-3.00,-10.24
-1.22,-4.13,-9.81
-1.21,-3.60,-9.71
-0.68,-2.80,-10.43
-0.37,-2.74,-10.30
-1.06,-1.81,-10.31
-1.03,-2.98,-10.29
-1.31,-3.08,-10.54
-0.36,-2.70,-11.97
0.67,-0.34,-10.79
2.24,1.12,-10.74
2.46,1.98,-10.59
1.41,0.57,-10.57
0.90,-0.34,-10.74
0.99,-0.75,-10.72
1.08,-0.65,-10.64
1.18,-0.10,-10.68
1.10,-0.66,-10.70
1.06,-0.25,-10.60
0.86,-0.18,-10.72
1.03,-0.38,-10.63
1.04,-0.41,-10.66
1.02,-0.38,-10.65
1.04,-0.41,-10.65
1.07,-0.41,-10.68
1.01,-0.37,-10.67
1.03,-0.38,-10.66
1.02,-0.43,-10.64
1.02,-0.40,-10.68
1.04,-0.41,-10.67
1.02,-0.39,-10.65
1.02,-0.41,-10.62
1.02,-0.40,-10.64
1.02,-0.40,-10.66
1.04,-0.39,-10.63
1.04,-0.42,-10.64
1.05,-0.39,-10.65
1.01,-0.40,-10.68
1.03,-0.42,-10.68
1.02,-0.40,-10.63
1.04,-0.39,-10.62
1.04,-0.39,-10.73
1.01,-0.41,-10.63
1.00,-0.45,-10.63
1.01,-0.39,-10.64
1.02,-0.43,-10.65
1.04,-0.39,-10.66
1.04,-0.41,-10.65
1.04,-0.41,-10.63
1.04,-0.40,-10.67
1.05,-0.41,-10.64
1.06,-0.38,-10.65
1.03,-0.40,-10.66
1.03,-0.39,-10.68
1.04,-0.40,-10.66
1.02,-0.40,-10.67
1.05,-0.35,-10.65
1.03,-0.36,-10.61
1.00,-0.37,-10.66
1.05,-0.42,-10.64
1.03,-0.40,-10.67
1.04,-0.40,-10.66
1.01,-0.40,-10.67
1.04,-0.43,-10.66
1.03,-0.40,-10.63
1.04,-0.39,-10.66
1.02,-0.37,-10.63
1.04,-0.40,-10.64
1.04,-0.39,-10.66
1.04,-0.42,-10.66
1.02,-0.40,-10.62
1.02,-0.38,-10.65
1.03,-0.38,-10.66
1.03,-0.40,-10.65
1.06,-0.38,-10.62
1.01,-0.39,-10.69
1.03,-0.38,-10.66
1.02,-0.39,-10.66
1.04,-0.40,-10.66
1.04,-0.39,-10.69
1.02,-0.42,-10.67
1.02,-0.41,-10.66
1.03,-0.40,-10.67
1.05,-0.39,-10.65
1.04,-0.40,-10.64
1.04,-0.39,-10.64
1.03,-0.38,-10.64
1.04,-0.37,-10.64
1.03,-0.38,-10.64
1.02,-0.39,-10.64
1.02,-0.40,-10.64
1.04,-0.39,-10.66
1.03,-0.37,-10.65
1.03,-0.40,-10.66
1.05,-0.38,-10.65
1.03,-0.35,-10.64
1.05,-0.37,-10.64
1.05,-0.38,-10.66
1.03,-0.37,-10.67
1.03,-0.34,-10.64
1.02,-0.37,-10.66
1.05,-0.37,-10.62
1.04,-0.35,-10.64
1.03,-0.35,-10.64
1.03,-0.37,-10.66
1.03,-0.35,-10.65
1.05,-0.37,-10.65
1.05,-0.38,-10.63
1.05,-0.36,-10.63
1.05,-0.35,-10.66
1.03,-0.36,-10.64
1.04,-0.36,-10.66
1.03,-0.36,-10.66
1.04,-0.38,-10.66
1.03,-0.36,-10.68
1.04,-0.37,-10.66
1.05,-0.37,-10.66
1.03,-0.37,-10.64
1.05,-0.34,-10.62
1.05,-0.34,-10.67
1.04,-0.36,-10.63
1.03,-0.35,-10.66
1.04,-0.34,-10.65
1.06,-0.35,-10.66
1.05,-0.34,-10.63
1.04,-0.35,-10.63
1.04,-0.36,-10.67
1.05,-0.34,-10.63
1.04,-0.35,-10.63
1.06,-0.36,-10.65
1.05,-0.36,-10.66
1.05,-0.34,-10.66
1.03,-0.35,-10.64
1.04,-0.34,-10.64
1.05,-0.34,-10.64
1.05,-0.35,-10.65
1.04,-0.35,-10.65
1.07,-0.36,-10.67
1.05,-0.34,-10.64
1.05,-0.35,-10.66
1.05,-0.35,-10.63
1.05,-0.34,-10.64
1.05,-0.34,-10.68
1.03,-0.34,-10.66
1.03,-0.36,-10.64
1.03,-0.35,-10.64
1.03,-0.35,-10.63
1.07,-0.35,-10.69
1.04,-0.34,-10.66
1.04,-0.35,-10.65
1.04,-0.33,-10.67
1.05,-0.35,-10.65
1.04,-0.35,-10.64
1.02,-0.38,-10.67
1.05,-0.37,-10.64
1.04,-0.34,-10.65
1.04,-0.36,-10.66
1.03,-0.35,-10.67
1.04,-0.34,-10.65
1.04,-0.36,-10.65
1.04,-0.34,-10.66
1.04,-0.34,-10.67
1.05,-0.35,-10.67
1.05,-0.35,-10.67
1.03,-0.35,-10.67
1.03,-0.34,-10.67
1.03,-0.36,-10.64
1.05,-0.36,-10.67
1.04,-0.36,-10.63
1.02,-0.33,-10.64
1.03,-0.36,-10.64
1.05,-0.37,-10.66
1.04,-0.35,-10.67
1.05,-0.36,-10.64
1.05,-0.36,-10.65
1.04,-0.35,-10.66
1.04,-0.34,-10.65
1.03,-0.36,-10.64
1.01,-0.36,-10.68
1.03,-0.34,-10.65
1.03,-0.35,-10.67
1.04,-0.36,-10.65
1.06,-0.37,-10.65
1.03,-0.35,-10.63
1.05,-0.36,-10.65
1.05,-0.36,-10.66
1.04,-0.36,-10.62
1.04,-0.35,-10.65
1.03,-0.37,-10.64
1.04,-0.34,-10.64
1.03,-0.35,-10.68
1.04,-0.34,-10.64
1.03,-0.34,-10.64
1.05,-0.36,-10.65
1.01,-0.33,-10.65
1.05,-0.37,-10.64
1.05,-0.34,-10.63
1.05,-0.36,-10.64
1.03,-0.35,-10.65
1.03,-0.33,-10.64
1.03,-0.34,-10.66
1.04,-0.38,-10.69
1.02,-0.34,-10.66
1.05,-0.34,-10.65
1.05,-0.35,-10.63
1.05,-0.36,-10.67
1.06,-0.33,-10.66
1.01,-0.35,-10.68
1.04,-0.33,-10.64
1.04,-0.35,-10.65
1.05,-0.32,-10.65
1.04,-0.34,-10.65
1.06,-0.32,-10.64
1.07,-0.33,-10.62
1.08,-0.40,-10.65
0.97,0.03,-10.69
1.00,-0.43,-10.65
0.95,-0.42,-10.70
1.13,-0.44,-10.61
1.16,-0.54,-10.73
1.05,-0.41,-10.67
1.03,-0.36,-10.66
1.02,-0.40,-10.63
1.01,-0.43,-10.63
1.06,-0.43,-10.68
0.85,-0.41,-10.65
0.73,-0.51,-10.64
1.09,-0.92,-10.73
1.19,-0.21,-10.67
0.72,-0.32,-10.66
1.46,-0.47,-10.57
0.96,-0.44,-10.74
1.00,2.37,-10.53
0.66,1.51,-11.05
-1.13,0.31,-9.71
-2.12,0.56,-10.35
-3.29,0.96,-14.99
-2.78,0.14,-14.56
-1.08,2.64,-10.11
-1.13,-0.53,-9.68
-1.31,-1.47,-7.23
-1.20,-1.37,-7.47
-2.04,-1.96,-11.13
-2.13,-2.86,-11.05
-2.17,-3.64,-9.17
-2.61,-4.36,-6.00
-2.88,-2.49,-3.33
-4.44,-1.60,-26.48
-1.78,-1.30,-8.52
-2.60,-3.37,-8.19
0.11,-7.61,-4.41
0.45,-5.98,-6.91
0.67,-6.01,-9.20
4.63,-5.25,-8.98
-0.42,-6.85,-10.00
1.53,-6.08,-9.11
1.14,-5.70,-9.60
2.45,-6.61,-7.95
2.87,-7.75,-6.37
1.67,-6.48,-8.24
1.07,-6.92,-7.74
0.54,-7.57,-6.69
0.72,-7.90,-6.96
-0.04,-7.52,-7.45
0.23,-6.75,-8.39
0.01,-6.91,-7.04
0.90,-6.45,-7.63
0.02,-7.70,-6.89
-0.13,-8.08,-7.35
0.98,-6.77,-8.02
-0.07,-7.84,-7.00
0.65,-6.84,-7.37
-0.02,-7.65,-7.09
0.74,-7.03,-7.60
ets Jun  8 2016 00:22:57

rst:0x1 (POWERON_RESET),boot:0x13 (SPI_FAST_FLASH_BOOT)
configsip: 0, SPIWP:0xee
clk_drv:0x00,q_drv:0x00,d_drv:0x00,cs0_drv:0x00,hd_drv:0x00,wp_drv:0x00
mode:DIO, clock div:1
load:0x3fff0018,len:4
load:0x3fff001c,len:1216
ho 0 tail 12 room 4
load:0x40078000,len:10944
load:0x40080400,len:6388
entry 0x400806b4










-,-,-
-7.37,-7.97,-2.13
-6.47,-7.85,-6.51
-5.58,-4.64,-9.04
-4.50,-3.68,-4.30
-6.61,-6.42,-4.00
-6.22,-7.21,-4.39
-5.18,-5.82,-6.17
-5.21,-6.16,-7.45
-5.22,-5.13,-6.61
-6.34,-5.16,-2.29
-8.41,-9.31,-6.01
-6.58,-5.87,-4.70
-5.58,-5.04,-3.95
-6.28,-5.76,-4.00
-7.42,-5.87,-4.01
-7.98,-6.19,-2.95
-7.61,-5.92,-3.40
-7.25,-5.19,-2.96
-7.88,-5.69,-2.83
-8.23,-5.75,-2.28
-7.80,-5.29,-2.69
-7.77,-5.26,-2.62
-7.85,-4.98,-3.10
-8.20,-5.52,-2.83
-7.75,-4.88,-3.20
-7.86,-5.08,-3.77
-7.99,-5.43,-1.56
-7.95,-5.13,-2.26
-8.05,-5.28,-2.83
-7.84,-5.07,-3.21
-7.99,-5.15,-2.68
-7.98,-5.14,-2.76
-7.89,-5.09,-2.82
-7.84,-5.04,-2.95
-7.98,-5.17,-2.71
-7.82,-4.96,-2.87
-7.78,-5.00,-3.09
-8.00,-5.08,-2.63
-7.77,-4.07,-3.54
-7.71,-5.06,-2.94
-8.44,-4.84,-0.70
-8.21,-5.21,-1.92
-7.79,-4.61,-2.04
-8.33,-4.70,-2.17
-8.62,-4.64,-1.69
-8.43,-4.36,-1.79
-8.54,-4.49,-1.77
-9.00,-3.76,-2.17
-9.83,-4.42,-2.14
-8.22,-3.70,-2.02
-7.62,-3.91,-1.58
-8.07,-4.61,-1.92
-8.50,-4.71,-2.30
-8.21,-3.67,0.29
-7.79,-2.76,-1.00
-8.87,-3.57,-1.83
-9.63,-3.58,-0.59
-9.62,-3.06,0.63
-9.44,-2.17,-0.53
-9.89,-2.65,-0.76
-9.65,-3.08,-1.77
-8.85,-1.42,-0.75
-9.37,-2.16,0.80
-8.97,-1.75,1.07
-9.61,-1.75,0.56
-9.26,-2.12,-0.02
-9.68,-2.44,0.20
-9.38,-2.09,0.21
-9.32,-2.71,0.61
-9.27,-2.86,0.45
-9.13,-2.53,0.54
-9.02,-2.13,0.14
-8.87,-1.41,0.36
-9.89,-1.00,-0.35
-10.06,-0.59,-0.16
-10.54,-1.14,-1.14
-9.06,-1.98,-0.60
-7.71,-1.79,-0.35
-8.94,-2.54,-0.51
-10.11,-2.57,-0.29
-9.02,-1.96,-0.69
-9.40,-2.30,-1.12
-9.42,-2.60,-0.09
-8.86,-2.62,-0.05
-9.06,-1.47,-0.47
-9.68,-3.17,-1.88
-9.04,-2.74,-0.76
-8.54,-2.27,0.91
-9.26,-2.26,-0.97
-10.00,-3.32,-1.87
-9.65,-3.04,-1.85
-8.99,-1.74,-1.32
-8.27,-2.84,-0.60
-8.68,-2.02,-1.89
-9.63,-3.60,-1.64
-8.84,-3.14,-1.84
-8.73,-2.57,-1.77
-8.98,-2.90,-2.12
-9.12,-2.96,-3.67
-8.80,-2.55,-2.82
-8.90,-2.25,-2.45
-9.36,-3.27,-3.53
-8.82,-2.52,-2.52
-8.77,-2.79,-2.74
-8.43,-2.25,-2.72
-8.77,-2.01,-3.70
-9.53,-2.88,-5.26
-8.83,-2.30,-3.97
-8.54,-1.96,-3.27
-8.81,-2.23,-3.23
-9.06,-2.47,-3.60
-8.77,-2.31,-3.70
-8.64,-2.12,-3.72
-8.87,-2.41,-3.92
-8.86,-2.36,-3.72
-8.78,-2.35,-3.65
-8.74,-2.35,-3.67
-8.79,-2.37,-3.65
-8.86,-2.48,-3.70
-8.75,-2.42,-3.56
-8.92,-2.38,-3.70
-8.80,-2.43,-3.97
-8.71,-2.26,-3.52
-8.83,-2.43,-3.67
-8.75,-2.38,-3.71
-8.80,-2.38,-3.56
-8.81,-2.29,-3.78
-8.74,-2.38,-4.10
-8.81,-2.43,-3.58
-8.65,-2.33,-3.69
-8.78,-2.40,-3.83
-8.84,-2.43,-3.81
-8.77,-2.41,-3.74
-8.69,-2.33,-3.73
-8.75,-2.41,-3.88
-8.84,-2.44,-3.73
-8.74,-2.37,-3.77
-8.70,-2.37,-3.79
-8.87,-2.42,-3.72
-8.70,-2.36,-3.84
-8.78,-2.43,-3.81
-8.71,-2.37,-3.74
-8.80,-2.42,-3.71
-8.77,-2.40,-3.82
-8.74,-2.36,-3.83
-8.76,-2.43,-3.75
-8.77,-2.38,-3.75
-8.78,-2.41,-3.82
-8.77,-2.39,-3.78
-8.75,-2.38,-3.73
-8.77,-2.43,-3.81
-8.78,-2.42,-3.74
-8.71,-2.38,-3.76
-8.74,-2.37,-3.76
-8.82,-2.42,-3.85
-8.73,-2.33,-3.81
-8.68,-2.32,-3.73
-8.84,-2.42,-3.68
-8.79,-2.35,-3.76
-8.74,-2.35,-3.79
-8.81,-2.40,-3.82
-8.77,-2.36,-3.75
-8.75,-2.35,-3.78
-8.77,-2.39,-3.80
-8.77,-2.37,-3.73
-8.75,-2.36,-3.77
-8.78,-2.39,-3.79
-8.72,-2.34,-3.75
-8.83,-2.38,-3.80
-8.75,-2.38,-3.79
-8.75,-2.31,-3.66
-8.79,-2.40,-3.91
-8.76,-2.34,-3.70
-8.79,-2.37,-3.79
-8.76,-2.33,-3.87
-8.71,-2.31,-3.84
-8.83,-2.34,-3.68
-8.75,-2.30,-3.75
-8.82,-2.31,-3.88
-8.84,-2.36,-3.74
-8.73,-2.26,-3.78
-8.79,-2.34,-3.83
-8.75,-2.30,-3.73
-8.80,-2.32,-3.85
-8.75,-2.28,-3.82
-8.75,-2.28,-3.75
-8.79,-2.33,-3.80
-8.82,-2.31,-3.63
-8.79,-2.30,-3.78
-8.81,-2.30,-3.82
-8.70,-2.20,-3.81
-8.81,-2.30,-3.90
-8.83,-2.30,-3.59
-8.83,-2.29,-3.76
-8.81,-2.26,-3.80
-8.86,-2.27,-3.65
-8.72,-2.18,-3.78
-8.82,-2.28,-3.82
-8.79,-2.21,-3.70
-8.82,-2.27,-3.79
-8.67,-2.15,-3.82
-8.81,-2.24,-3.87
-8.92,-2.27,-3.57
-8.85,-2.25,-3.77
-8.78,-2.17,-3.79
-8.83,-2.20,-3.65
-8.76,-2.21,-3.85
-8.79,-2.22,-3.74
-8.80,-2.17,-3.70
-8.90,-2.30,-3.75
-8.77,-2.15,-3.73
-8.84,-2.25,-3.77
-8.79,-2.19,-3.70
-8.86,-2.29,-3.82
-8.74,-2.14,-3.67
-8.84,-2.26,-3.79
-8.77,-2.15,-3.70
-8.88,-2.23,-3.74
-8.76,-2.18,-3.68
-8.85,-2.25,-3.75
-8.81,-2.20,-3.74
-8.81,-2.23,-3.77
-8.86,-2.27,-3.80
-8.79,-2.19,-3.71
-8.79,-2.19,-3.77
-8.80,-2.21,-3.73
-8.83,-2.22,-3.68
-8.83,-2.21,-3.78
-8.83,-2.20,-3.75
-8.83,-2.21,-3.68
-8.82,-2.22,-3.71
-8.81,-2.17,-3.75
-8.85,-2.24,-3.74
-8.81,-2.17,-3.68
-8.84,-2.23,-3.70
-8.80,-2.16,-3.70
-8.85,-2.21,-3.69
-8.82,-2.20,-3.77
-8.83,-2.21,-3.70
-8.80,-2.23,-3.73
-8.82,-2.20,-3.75
-8.86,-2.19,-3.66
-8.84,-2.20,-3.79
-8.84,-2.19,-3.70
-8.80,-2.19,-3.71
-8.83,-2.18,-3.77
-8.85,-2.19,-3.76
-8.79,-2.18,-3.68
-8.84,-2.24,-3.75
-8.80,-2.17,-3.70
-8.87,-2.21,-3.71
-8.79,-2.19,-3.72
-8.84,-2.18,-3.69
-8.85,-2.22,-3.77
-8.80,-2.19,-3.66
-8.84,-2.22,-3.79
-8.85,-2.19,-3.72
-8.79,-2.17,-3.74
-8.85,-2.17,-3.74
-8.78,-2.15,-3.70
-8.86,-2.22,-3.72
-8.79,-2.14,-3.73
-8.86,-2.21,-3.77
-8.78,-2.15,-3.68
-8.86,-2.20,-3.70
-8.86,-2.20,-3.73
-8.79,-2.19,-3.68
-8.83,-2.19,-3.73
-8.81,-2.22,-3.75
-8.82,-2.18,-3.69
-8.85,-2.23,-3.78
-8.78,-2.14,-3.69
-8.88,-2.26,-3.82
-8.76,-2.12,-3.67
-8.82,-2.21,-3.74
-8.83,-2.18,-3.70
-8.85,-2.18,-3.73
-8.83,-2.19,-3.75
-8.84,-2.17,-3.74
-8.82,-2.20,-3.76
-8.81,-2.16,-3.77
-8.83,-2.17,-3.78
-8.84,-2.18,-3.74
-8.84,-2.19,-3.80
-8.80,-2.14,-3.73
-8.84,-2.14,-3.68
-8.86,-2.19,-3.83
-8.81,-2.16,-3.77
-8.81,-2.17,-3.72
-8.84,-2.16,-3.77
-8.83,-2.13,-3.74
-8.83,-2.16,-3.80
-8.81,-2.11,-3.70
-8.88,-2.18,-3.81
-8.79,-2.11,-3.75
-8.85,-2.15,-3.72
-8.82,-2.12,-3.77
-8.88,-2.16,-3.78
-8.77,-2.08,-3.71
-8.82,-2.15,-3.79
-8.86,-2.15,-3.79
-8.83,-2.13,-3.79
-8.80,-2.10,-3.70
-8.86,-2.20,-3.73
-8.73,-2.10,-3.67
-8.85,-2.11,-3.84
-8.98,-2.11,-3.79
-8.83,-2.12,-3.82
-8.81,-2.09,-3.40
-8.81,-2.14,-3.75
-8.91,-2.16,-3.85
-8.81,-2.11,-3.67
-8.82,-2.11,-3.62
-8.83,-2.07,-3.96
-8.78,-2.09,-3.47
-8.79,-2.17,-3.75
-8.88,-2.17,-3.81
-8.82,-2.11,-3.69
-8.87,-2.20,-3.75
-8.83,-2.09,-3.61
-8.86,-2.16,-3.82
-8.86,-2.16,-3.56
-8.90,-2.20,-3.78
-8.85,-2.14,-3.62
-8.84,-2.14,-3.57
-8.89,-2.20,-3.86
-8.82,-2.12,-3.57
-8.86,-2.15,-3.69
-8.83,-2.12,-3.66
-8.88,-2.16,-3.60
-8.90,-2.20,-3.73
-8.82,-2.12,-3.60
-8.87,-2.18,-3.72
-8.83,-2.12,-3.63
-8.90,-2.15,-3.62
-8.88,-2.15,-3.75
-8.83,-2.16,-3.56
-8.83,-2.14,-3.70
-8.85,-2.15,-3.62
-8.89,-2.14,-3.55
-8.86,-2.18,-3.82
-8.85,-2.08,-3.52
-8.90,-2.17,-3.81
-8.84,-2.11,-3.58
-8.88,-2.15,-3.67
-8.84,-2.15,-3.61
-8.90,-2.13,-3.60
-8.88,-2.22,-3.72
-8.81,-2.05,-3.42
-8.90,-2.22,-3.72
-8.82,-2.11,-3.48
-8.96,-2.24,-3.71
-8.81,-2.06,-3.56
-8.91,-2.26,-3.78
-8.74,-2.01,-3.23
-8.94,-2.23,-3.98
-8.84,-2.09,-3.50
-8.88,-2.14,-3.50
-8.83,-2.15,-3.68
-8.90,-2.13,-3.53
-8.90,-2.16,-3.73
-8.81,-2.08,-3.56
-8.89,-2.13,-3.59
-8.88,-2.12,-3.70
-8.90,-2.14,-3.60
-8.89,-2.17,-3.65
-8.87,-2.10,-3.62
-8.88,-2.13,-3.62
-8.89,-2.11,-3.67
-8.87,-2.10,-3.66
-8.87,-2.12,-3.59
-8.89,-2.14,-3.64
-8.87,-2.12,-3.62
-8.87,-2.12,-3.62
-8.87,-2.09,-3.58
-8.88,-2.11,-3.66
-8.90,-2.13,-3.60
-8.88,-2.10,-3.60
-8.87,-2.16,-3.70
-8.82,-2.03,-3.43
-8.88,-2.17,-3.76
-8.88,-2.13,-3.55
-8.89,-2.12,-3.65
-8.88,-2.15,-3.60
-8.86,-2.13,-3.64
-8.91,-2.12,-3.59
-8.85,-2.09,-3.61
-8.91,-2.14,-3.58
-8.87,-2.12,-3.62
-8.88,-2.11,-3.59
-8.89,-2.14,-3.62
-8.89,-2.13,-3.63
-8.89,-2.14,-3.57
-8.89,-2.15,-3.50
-8.85,-2.12,-3.70
-8.88,-2.09,-3.59
-8.88,-2.14,-3.64
-8.89,-1.94,-3.69
-8.84,-2.06,-3.46
-8.89,-2.17,-3.77
-8.80,-2.10,-3.61
-8.82,-2.05,-3.53
-8.92,-2.17,-3.90
-8.82,-2.07,-3.51
-8.87,-2.15,-3.76
-8.88,-2.10,-3.56
-8.85,-2.14,-3.73
-8.85,-2.12,-3.63
-8.87,-2.13,-3.68
-8.84,-2.10,-3.69
-8.80,-2.11,-3.80
-8.87,-2.14,-3.66
-8.94,-2.14,-3.43
-8.87,-2.11,-3.75
-8.85,-2.08,-3.48
-8.89,-2.16,-3.72
-8.86,-2.12,-3.58
-8.88,-2.12,-3.59
-8.87,-2.15,-3.72
-8.85,-2.08,-3.56
-8.89,-2.13,-3.70
-8.88,-2.20,-3.70
-8.83,-2.05,-3.62
-8.87,-2.15,-3.64
-8.82,-2.11,-3.59
-8.91,-2.18,-3.73
-8.85,-2.10,-3.57
-8.88,-2.16,-3.60
-8.86,-2.13,-3.68
-8.88,-2.13,-3.68
-8.85,-2.13,-3.60
-8.83,-2.11,-3.68
-8.90,-2.15,-3.65
-8.85,-2.11,-3.68
-8.85,-2.11,-3.57
-8.88,-2.11,-3.68
-8.87,-2.12,-3.62
-8.86,-2.09,-3.67
-8.88,-2.14,-3.66
-8.86,-2.09,-3.64
-8.83,-2.12,-3.65
-8.87,-2.10,-3.68
-8.86,-2.09,-3.63
-8.86,-2.13,-3.71
-8.88,-2.12,-3.63
-8.88,-2.10,-3.64
-8.86,-2.09,-3.70
-8.89,-2.08,-3.67
-8.86,-2.07,-3.66
-8.88,-2.06,-3.70
-8.84,-2.05,-3.67
-8.88,-2.10,-3.69
-8.84,-2.06,-3.63
-8.88,-2.09,-3.68
-8.85,-2.07,-3.65
-8.86,-2.08,-3.61
-8.91,-2.09,-3.73
-8.91,-2.11,-3.70
-8.88,-2.12,-3.62
-8.77,-2.01,-3.55
-8.93,-2.08,-3.77
-8.88,-2.09,-3.68
-8.84,-2.03,-3.58
-8.90,-2.12,-3.69
-8.86,-2.04,-3.67
-8.89,-2.07,-3.65
-8.89,-2.09,-3.68
-8.84,-2.06,-3.55
-8.88,-2.10,-3.73
-8.88,-2.07,-3.55
-8.87,-2.07,-3.68
-8.89,-2.09,-3.63
-8.85,-2.08,-3.63
-8.85,-2.09,-3.66
-8.90,-2.10,-3.62
-8.86,-2.12,-3.68
-8.91,-2.10,-3.57
-8.86,-2.11,-3.72
-8.88,-2.07,-3.53
-8.81,-2.09,-3.72
-8.93,-2.13,-3.63
-8.81,-2.08,-3.68
-8.92,-2.12,-3.56
-8.87,-2.13,-3.76
-8.94,-2.25,-3.82
-8.72,-1.97,-3.36
-8.90,-2.18,-3.73
-8.82,-2.11,-3.66
-8.92,-2.13,-3.67
-8.82,-2.10,-3.64
-8.86,-2.11,-3.63
-8.85,-2.10,-3.67
-8.86,-2.11,-3.68
-8.89,-2.15,-3.68
-8.84,-2.09,-3.59
-8.87,-2.13,-3.74
-8.82,-2.09,-3.63
-8.87,-2.12,-3.59
-8.88,-2.15,-3.76
-8.84,-2.06,-3.58
-8.91,-2.13,-3.68
-8.88,-2.12,-3.74
-8.82,-2.06,-3.57
-8.91,-2.16,-3.75
-8.86,-2.11,-3.57
-8.85,-2.12,-3.66
-8.88,-2.14,-3.77
-8.84,-2.10,-3.42
-8.84,-2.11,-3.83
-8.89,-2.10,-3.59
-8.87,-2.10,-3.57
-8.88,-2.07,-3.76
-8.86,-2.10,-3.59
-8.90,-2.10,-3.72
-8.87,-2.10,-3.62
-8.82,-2.06,-3.66
-8.90,-2.13,-3.64
-8.85,-2.09,-3.65
-8.87,-2.11,-3.72
-8.85,-2.05,-3.59
-8.89,-2.11,-3.68
-8.87,-2.08,-3.66
-8.87,-2.11,-3.66
-8.88,-2.07,-3.68
-8.86,-2.07,-3.65
-8.87,-2.06,-3.68
-8.89,-2.09,-3.65
-8.85,-2.06,-3.64
-8.89,-2.11,-3.70
-8.88,-2.06,-3.60
-8.86,-2.08,-3.71
-8.88,-2.05,-3.65
-8.89,-2.09,-3.71
-8.85,-2.04,-3.63
-8.87,-2.05,-3.67
-8.86,-2.05,-3.71
-8.87,-2.06,-3.64
-8.84,-2.05,-3.61
-8.89,-2.07,-3.68
-8.87,-2.04,-3.67
-8.90,-2.07,-3.63
-8.85,-2.03,-3.66
-8.92,-2.11,-3.69
-8.85,-2.04,-3.60
-8.90,-2.11,-3.68
-8.88,-2.04,-3.65
-8.88,-2.07,-3.67
-8.90,-2.09,-3.67
-8.86,-2.07,-3.74
-8.85,-2.05,-3.62
-8.88,-2.09,-3.66
-8.84,-2.09,-3.66
-8.89,-2.10,-3.66
-8.86,-2.05,-3.63
-8.87,-2.12,-3.75
-8.84,-2.06,-3.62
-8.88,-2.12,-3.66
-8.85,-2.08,-3.63
-8.89,-2.09,-3.66
-8.85,-2.08,-3.61
-8.86,-2.11,-3.68
-8.85,-2.08,-3.60
-8.92,-2.11,-3.67
-8.86,-2.10,-3.64
-8.86,-2.05,-3.63
-8.90,-2.10,-3.69
-8.85,-2.03,-3.55
-8.88,-2.08,-3.69
-8.89,-2.09,-3.68
-8.84,-2.04,-3.60
-8.87,-2.06,-3.69
-8.88,-2.12,-3.59
-8.86,-2.07,-3.61
-8.91,-2.14,-3.72
-8.83,-2.07,-3.56
-8.89,-2.10,-3.65
-8.86,-2.10,-3.67
-8.86,-2.09,-3.59
-8.86,-2.10,-3.69
-8.86,-2.10,-3.64
-8.85,-2.08,-3.58
-8.92,-2.16,-3.77
-8.83,-2.07,-3.51
-8.88,-2.12,-3.62
-8.89,-2.14,-3.72
-8.85,-2.08,-3.52
-8.87,-2.07,-3.67
-8.85,-2.11,-3.66
-8.97,-2.08,-3.71
-8.86,-2.40,-3.80
-8.94,-2.09,-3.71
-9.01,-2.25,-2.93
-8.64,-2.06,-3.97
-8.67,-2.18,-3.83
-8.92,-2.19,-3.31
-8.78,-2.17,-3.71
-8.93,-2.21,-3.54
-8.94,-2.22,-3.56
-8.85,-2.16,-3.58
-8.87,-2.19,-3.57
-8.92,-2.19,-3.59
-8.89,-2.15,-3.59
-8.91,-2.12,-3.65
-8.86,-2.12,-3.50
-8.90,-2.13,-3.64
-8.88,-2.15,-3.63
-8.81,-2.09,-3.49
-8.91,-2.19,-3.76
-8.86,-2.10,-3.49
-8.86,-2.11,-3.67
-8.90,-2.20,-3.72
-8.80,-2.02,-3.34
-8.94,-2.19,-3.85
-8.85,-2.08,-3.65
-8.87,-2.06,-3.39
-8.87,-2.10,-3.85
-8.87,-2.09,-3.56
-8.89,-2.10,-3.61
-8.87,-2.09,-3.65
-8.92,-2.11,-3.55
-8.88,-2.10,-3.65
-8.89,-2.11,-3.58
-8.89,-2.10,-3.55
-8.90,-2.12,-3.74
-8.88,-2.08,-3.48
-8.85,-2.09,-3.60
-8.93,-2.11,-3.62
-8.88,-2.12,-3.60
-8.88,-2.11,-3.60
-8.85,-2.07,-3.55
-8.92,-2.15,-3.69
-8.88,-2.10,-3.60
-8.85,-2.09,-3.55
-8.91,-2.14,-3.63
-8.86,-2.09,-3.57
-8.91,-2.12,-3.66
-8.84,-2.11,-3.56
-8.90,-2.15,-3.65
-8.87,-2.16,-3.52
-8.99,-2.34,-3.75
-8.67,-1.93,-3.25
-9.05,-2.33,-3.93
-8.76,-1.98,-3.36
-8.96,-2.22,-3.73
-8.84,-2.09,-3.55
-8.88,-2.16,-3.55
-8.87,-2.14,-3.68
-8.89,-2.13,-3.50
-8.92,-2.17,-3.67
-8.86,-2.13,-3.51
-8.92,-2.17,-3.65
-8.89,-2.16,-3.61
-8.83,-2.07,-3.44
-8.96,-2.25,-3.87
-8.75,-2.03,-3.22
-8.92,-2.19,-3.74
-8.91,-2.19,-3.72
-8.83,-2.06,-3.30
-8.90,-2.20,-3.77
-8.86,-2.12,-3.45
-8.89,-2.14,-3.60
-8.86,-2.11,-3.61
-8.86,-2.18,-3.56
-8.95,-2.16,-3.62
-8.85,-2.10,-3.62
-8.90,-2.14,-3.53
-8.88,-2.12,-3.65
-8.93,-2.17,-3.60
-8.85,-2.12,-3.55
-8.92,-2.17,-3.61
-8.83,-2.12,-3.53
-8.92,-2.13,-3.58
-8.87,-2.12,-3.51
-8.87,-2.14,-3.58
-8.90,-2.14,-3.57
-8.88,-2.12,-3.59
-8.88,-2.14,-3.59
-8.82,-2.12,-3.59
-8.92,-2.13,-3.60
-8.91,-2.14,-3.61
-8.89,-2.11,-3.58
-8.89,-2.12,-3.55
-8.88,-2.11,-3.62
-8.87,-2.11,-3.58
-8.91,-2.13,-3.57
-8.88,-2.11,-3.62
-8.87,-2.14,-3.58
-8.91,-2.13,-3.64
-8.69,-1.90,-3.72
-9.08,-1.73,-4.09
-9.05,-2.38,-3.36
-8.81,-2.21,-3.37
-8.76,-2.02,-3.83
-8.87,-2.10,-3.74
-8.97,-2.14,-3.57
-8.94,-2.18,-3.74
-9.05,-2.28,-3.68
-8.92,-2.51,-4.15
-9.10,-2.53,-3.90
-9.30,-3.36,-4.57
-9.79,-3.31,-4.05
-10.00,-3.96,-4.26
-8.87,-4.23,-5.09
-8.52,-4.58,-5.94
-7.38,-4.59,-6.36
-5.92,-5.40,-5.21
-2.36,-4.53,-4.83
-1.68,-5.91,-6.28
-2.57,-6.83,-9.08
-2.35,-6.90,-8.43
-1.24,-6.17,-7.43
0.20,-6.16,-6.94
0.51,-6.18,-7.93
-1.21,-7.31,-6.85
-2.77,-8.57,-5.04
-1.90,-8.57,-4.55
-1.22,-7.86,-5.32
-1.19,-7.81,-6.97
-1.87,-8.15,-7.41
-1.00,-8.91,-6.13
1.05,-6.69,-7.03
1.95,-6.33,-7.27
2.29,-6.83,-7.09
2.42,-6.58,-8.37
1.94,-7.52,-7.09
2.45,-6.99,-7.47
3.25,-6.33,-8.41
2.98,-6.37,-7.88
3.81,-5.96,-8.78
5.06,-4.93,-8.29
4.96,-6.49,-9.26
5.66,-5.15,-8.16
4.98,-5.84,-6.63
5.53,-4.72,-7.14
4.57,-6.32,-7.10
5.89,-4.26,-7.88
5.16,-4.96,-6.52
5.69,-4.13,-7.90
5.56,-4.73,-8.69
4.70,-4.90,-8.12
5.01,-4.31,-8.35
5.28,-4.50,-7.59
5.57,-4.99,-7.54
5.19,-4.80,-7.80
5.42,-4.49,-8.37
4.45,-5.07,-7.83
4.67,-5.01,-8.21
4.80,-5.34,-7.79
4.66,-5.51,-7.51
4.18,-5.50,-8.04
3.78,-5.54,-8.51
3.52,-5.73,-8.41
3.73,-5.58,-8.25
3.43,-5.77,-8.03
3.47,-5.58,-8.51
3.18,-5.37,-8.69
3.11,-5.47,-8.84
3.36,-5.51,-8.83
3.52,-5.39,-8.09
3.56,-5.29,-8.83
3.39,-5.77,-8.54
3.86,-5.78,-8.18
ets Jun  8 2016 00:22:57

rst:0x1 (POWERON_RESET),boot:0x13 (SPI_FAST_FLASH_BOOT)
configsip: 0, SPIWP:0xee
clk_drv:0x00,q_drv:0x00,d_drv:0x00,cs0_drv:0x00,hd_drv:0x00,wp_drv:0x00
mode:DIO, clock div:1
load:0x3fff0018,len:4
load:0x3fff001c,len:1216
ho 0 tail 12 room 4
load:0x40078000,len:10944
load:0x40080400,len:6388
entry 0x400806b4










-,-,-
-3.40,-3.03,-7.97
-2.41,-1.03,-6.06
-1.21,0.92,-19.13
-1.19,1.46,-8.48
-1.53,4.08,-8.20
-3.32,4.59,-6.46
-3.34,3.49,-11.95
-3.17,4.87,-9.82
-2.17,4.96,-8.11
-2.04,6.06,-9.18
-1.89,4.80,-9.60
-2.22,4.78,-9.22
-2.38,1.18,-12.22
-2.93,4.99,-7.74
-3.47,5.79,-8.72
-3.40,3.19,-9.70
-3.32,4.95,-8.09
-2.35,5.15,-7.18
-2.46,6.87,-8.26
-2.54,5.67,-8.65
-2.55,4.39,-10.59
0.57,-0.32,-9.47
-0.08,2.24,-10.54
1.69,0.79,-12.26
1.70,1.24,-9.66
1.34,2.99,-11.16
0.81,2.28,-14.58
1.36,1.19,-10.57
0.38,-0.98,-12.30
0.96,1.14,-10.00
0.59,1.01,-10.59
0.84,0.68,-10.64
1.07,0.98,-10.50
0.90,0.94,-10.84
1.04,0.83,-10.73
1.33,-0.56,-10.76
1.14,0.50,-10.44
0.91,0.76,-10.73
1.28,0.34,-10.52
0.91,0.81,-10.73
0.91,1.06,-10.58
1.16,0.45,-10.40
1.02,0.42,-10.64
1.12,0.49,-10.49
1.15,0.53,-10.72
0.71,1.31,-10.75
1.02,0.77,-10.56
0.80,0.76,-10.74
1.10,0.88,-10.47
0.92,0.71,-10.75
0.91,0.79,-10.62
0.89,0.76,-10.66
0.98,0.76,-10.66
0.87,0.78,-10.81
1.03,0.65,-10.44
0.77,0.79,-10.84
1.06,0.77,-10.47
0.93,0.71,-10.72
0.96,0.78,-10.55
0.93,0.66,-10.66
0.81,1.06,-9.98
0.79,0.82,-10.66
0.91,0.87,-10.56
0.92,0.74,-10.67
0.96,0.79,-10.59
0.92,0.76,-10.68
0.86,0.81,-10.59
0.95,0.70,-10.71
0.90,0.78,-10.60
1.03,0.69,-10.69
0.89,0.86,-10.54
0.76,0.74,-10.75
0.76,0.78,-10.68
0.90,0.79,-10.58
0.98,0.75,-10.60
0.76,0.76,-10.72
0.91,0.76,-10.62
0.89,0.74,-10.66
0.91,0.76,-10.61
0.88,0.72,-10.67
0.87,0.79,-10.54
0.91,0.73,-10.66
0.87,0.83,-10.64
0.98,0.71,-10.60
1.13,0.60,-10.57
0.98,0.58,-10.86
1.04,0.77,-10.52
0.79,0.78,-10.60
1.01,0.75,-10.57
0.95,0.67,-10.67
1.00,0.76,-10.60
0.88,0.70,-10.72
1.05,0.79,-10.54
0.91,0.71,-10.65
0.93,0.77,-10.61
0.99,0.80,-10.57
0.81,0.75,-10.64
0.87,0.75,-10.46
1.07,0.67,-10.61
0.85,0.80,-10.60
0.93,0.71,-10.64
0.94,0.71,-10.63
0.83,0.72,-10.69
0.91,0.72,-10.61
0.87,0.70,-10.72
0.95,0.73,-10.56
0.86,0.65,-10.80
1.07,0.75,-10.42
0.79,0.73,-10.66
0.89,0.67,-10.76
0.98,0.76,-10.51
0.84,0.69,-10.76
0.91,0.74,-10.57
0.89,0.69,-10.71
0.92,0.72,-10.62
0.87,0.69,-10.67
0.92,0.72,-10.61
0.95,0.71,-10.56
1.17,0.69,-10.56
0.56,0.71,-10.80
0.75,0.65,-10.84
1.00,0.77,-10.36
0.88,0.70,-10.69
0.84,0.67,-10.70
0.94,0.70,-10.62
0.81,0.72,-10.60
0.89,0.69,-10.68
0.95,0.72,-10.59
0.78,0.67,-10.80
0.96,0.76,-10.44
0.89,0.68,-10.74
0.93,0.72,-10.59
0.90,0.67,-10.70
0.95,0.68,-10.64
0.97,0.69,-10.63
0.88,0.69,-10.71
0.90,0.72,-10.60
0.93,0.72,-10.60
0.90,0.74,-10.56
0.96,0.67,-10.64
0.86,0.67,-10.70
0.96,0.69,-10.56
0.86,0.70,-10.68
0.91,0.70,-10.60
0.85,0.70,-10.64
0.91,0.69,-10.67
0.90,0.75,-10.50
0.79,0.63,-10.90
1.00,0.78,-10.35
0.87,0.67,-10.75
0.87,0.78,-10.49
0.95,0.71,-10.59
0.90,0.67,-10.64
0.89,0.74,-10.65
0.89,0.70,-10.61
0.87,0.71,-10.65
0.90,0.72,-10.61
0.84,0.66,-10.65
0.86,0.71,-10.68
0.92,0.75,-10.53
0.88,0.69,-10.69
0.91,0.73,-10.57
0.81,0.70,-10.69
0.86,0.76,-10.51
0.91,0.71,-10.57
0.81,0.68,-10.68
0.87,0.71,-10.60
0.85,0.77,-10.60
0.87,0.68,-10.67
0.87,0.68,-10.61
0.88,0.69,-10.65
0.88,0.68,-10.64
0.91,0.70,-10.63
0.85,0.68,-10.63
0.92,0.71,-10.63
0.83,0.70,-10.67
0.85,0.68,-10.72
0.97,0.74,-10.39
0.83,0.70,-10.74
0.90,0.72,-10.57
0.88,0.66,-10.66
0.90,0.70,-10.65
0.88,0.70,-10.61
0.90,0.68,-10.64
0.91,0.71,-10.60
0.88,0.70,-10.67
0.89,0.69,-10.65
0.88,0.69,-10.61
0.74,0.72,-10.65
0.94,0.76,-10.45
0.92,0.68,-10.63
0.85,0.68,-10.70
0.94,0.74,-10.56
0.82,0.67,-10.75
0.87,0.69,-10.61
0.89,0.70,-10.63
0.86,0.68,-10.65
0.91,0.70,-10.58
0.89,0.70,-10.65
0.89,0.70,-10.60
0.89,0.68,-10.67
0.91,0.72,-10.54
0.79,0.64,-10.75
0.85,0.67,-10.63
0.93,0.69,-10.63
0.87,0.70,-10.65
0.85,0.65,-10.67
0.87,0.73,-10.55
0.88,0.68,-10.66
0.90,0.71,-10.58
0.86,0.64,-10.78
0.91,0.70,-10.57
0.87,0.68,-10.68
0.88,0.69,-10.62
0.88,0.67,-10.62
0.90,0.69,-10.63
0.83,0.75,-10.53
0.94,0.65,-10.70
0.89,0.67,-10.67
0.86,0.69,-10.68
0.91,0.70,-10.61
0.86,0.69,-10.65
0.90,0.73,-10.55
0.86,0.68,-10.70
0.91,0.71,-10.61
0.88,0.67,-10.68
0.88,0.68,-10.65
0.85,0.73,-10.53
0.90,0.70,-10.60
0.85,0.67,-10.66
0.91,0.70,-10.61
0.86,0.71,-10.60
0.85,0.70,-10.62
0.89,0.68,-10.65
0.88,0.67,-10.68
0.88,0.72,-10.59
0.90,0.69,-10.63
0.87,0.71,-10.60
0.87,0.70,-10.65
0.93,0.66,-10.63
0.97,0.50,-10.92
0.89,0.70,-10.58
0.89,0.71,-10.67
0.87,0.71,-10.61
0.87,0.69,-10.64
0.93,0.70,-10.65
0.87,0.70,-10.62
0.85,0.68,-10.60
0.88,0.68,-10.65
0.87,0.69,-10.59
0.88,0.68,-10.65
0.87,0.70,-10.60
0.84,0.67,-10.69
0.88,0.69,-10.61
0.88,0.70,-10.66
0.88,0.69,-10.64
0.91,0.67,-10.70
0.86,0.71,-10.54
0.80,0.66,-10.71
0.91,0.71,-10.57
0.86,0.69,-10.64
0.83,0.70,-10.63
0.89,0.70,-10.58
0.81,0.68,-10.64
0.87,0.76,-10.46
0.84,0.67,-10.64
0.87,0.66,-10.63
0.88,0.71,-10.58
0.84,0.69,-10.68
0.87,0.67,-10.63
0.88,0.71,-10.63
0.84,0.67,-10.65
0.88,0.72,-10.61
0.88,0.69,-10.63
0.94,0.69,-10.61
0.86,0.68,-10.61
0.86,0.67,-10.61
0.87,0.68,-10.63
0.87,0.69,-10.62
0.87,0.69,-10.63
0.87,0.68,-10.61
0.87,0.68,-10.66
0.89,0.71,-10.57
0.84,0.67,-10.69
0.91,0.69,-10.60
0.85,0.70,-10.62
0.87,0.70,-10.65
0.90,0.70,-10.61
0.86,0.67,-10.66
0.89,0.70,-10.64
0.81,0.68,-10.64
0.89,0.77,-10.46
0.87,0.67,-10.68
0.86,0.68,-10.66
0.88,0.69,-10.65
0.88,0.68,-10.56
0.89,0.69,-10.61
0.88,0.69,-10.64
0.90,0.68,-10.62
0.90,0.69,-10.63
0.89,0.69,-10.65
0.90,0.70,-10.61
0.88,0.68,-10.64
0.91,0.68,-10.62
0.89,0.68,-10.60
0.91,0.68,-10.67
0.91,0.69,-10.63
0.85,0.74,-10.53
0.97,0.68,-10.57
0.85,0.67,-10.71
0.91,0.67,-10.67
0.89,0.68,-10.61
0.90,0.71,-10.60
0.83,0.68,-10.64
0.91,0.69,-10.63
0.89,0.68,-10.63
0.93,0.63,-10.74
0.85,0.69,-10.59
0.89,0.70,-10.64
0.88,0.69,-10.62
0.87,0.71,-10.66
0.91,0.69,-10.57
0.87,0.69,-10.64
0.91,0.69,-10.61
0.89,0.71,-10.62
0.97,0.67,-10.67
0.99,0.69,-10.63
1.06,0.80,-10.59
0.64,1.04,-10.93
1.13,0.53,-10.65
1.05,0.85,-10.62
0.69,0.71,-10.52
2.02,-0.91,-10.84
1.28,0.51,-10.57
0.90,0.90,-10.69
0.85,0.84,-10.54
0.82,0.48,-10.20
0.37,0.89,-11.37
1.16,0.20,-10.62
1.36,1.86,-10.94
1.21,2.45,-9.86
-2.14,3.16,-16.73
-3.76,0.35,-15.88
-2.85,0.06,-6.65
-2.27,-2.89,-9.83
-1.14,-2.30,-10.36
-0.75,-2.26,-12.24
-0.43,-3.60,-6.71
0.04,-5.80,-6.04
0.73,-6.53,-7.07
0.54,-4.10,-6.45
-2.55,-4.77,-7.12
-5.42,-6.67,-3.95
-6.85,-7.22,-3.50
-7.20,-7.95,-5.10
-6.59,-6.91,-6.19
-5.57,-6.93,-7.35
-4.18,-6.61,-5.91
-4.08,-5.89,-5.72
-5.25,-7.36,-5.54
-5.02,-6.32,-5.68
-5.79,-5.87,-5.67
-6.19,-6.87,-6.59
-5.41,-6.34,-4.56
-5.98,-6.27,-5.29
-5.99,-6.28,-5.84
-6.04,-6.60,-5.39
-5.51,-6.41,-5.63
-5.65,-6.25,-5.86
-5.56,-5.96,-6.05
-5.72,-6.10,-6.14
-5.74,-6.34,-5.52
-5.99,-6.30,-5.18
-5.66,-6.37,-5.04
-5.75,-6.56,-5.33
-5.22,-6.41,-5.46
-5.48,-6.23,-5.06
-5.66,-6.41,-5.31
-5.42,-5.99,-5.10
-5.93,-7.26,-5.57
-5.73,-6.29,-6.07
ets Jun  8 2016 00:22:57

rst:0x1 (POWERON_RESET),boot:0x13 (SPI_FAST_FLASH_BOOT)
configsip: 0, SPIWP:0xee
clk_drv:0x00,q_drv:0x00,d_drv:0x00,cs0_drv:0x00,hd_drv:0x00,wp_drv:0x00
mode:DIO, clock div:1
load:0x3fff0018,len:4
load:0x3fff001c,len:1216
ho 0 tail 12 room 4
load:0x40078000,len:10944
load:0x40080400,len:6388
entry 0x400806b4










-,-,-
-2.82,2.08,-9.24
-2.40,2.72,-10.88
-3.48,3.36,-9.11
-3.59,4.19,-8.14
-4.14,3.99,-7.09
-5.01,4.77,-4.08
-6.67,5.55,-4.53
-5.98,4.59,-7.00
-3.43,5.09,-1.65
-4.94,16.11,-1.75
-4.55,11.01,-4.46
-4.59,10.36,-2.68
-4.49,9.81,-0.57
-4.26,8.15,-1.61
-3.89,7.90,-2.38
-3.45,8.63,-1.48
-3.26,10.41,-1.76
-2.81,10.07,-2.32
-2.44,10.05,-2.25
-2.16,9.60,-1.56
-2.03,8.78,-1.05
-2.38,9.45,-1.54
-2.72,9.42,-1.49
-3.12,9.23,-1.46
-3.40,9.59,-2.86
-3.38,8.41,-1.67
-3.25,8.95,-1.31
-3.05,9.06,-1.91
-2.81,9.10,-1.70
-2.59,9.50,-1.51
-2.30,9.36,-1.65
-2.21,10.34,-2.08
-2.02,8.94,-1.65
-2.10,9.38,-1.33
-2.22,8.68,-1.60
-2.33,9.33,-2.38
-2.59,10.40,-1.34
-2.74,9.69,-0.22
-2.88,9.37,-2.12
-2.91,8.08,-2.45
-2.77,8.17,-1.90
-2.74,11.03,-1.56
-2.55,9.72,-2.39
-2.46,8.99,-2.24
-2.54,10.32,-1.31
-2.56,10.15,-1.68
-2.52,8.47,-1.82
-2.62,8.81,-1.77
-2.75,9.31,-1.49
-2.94,9.88,-1.52
-3.25,10.32,-1.50
-3.61,9.75,-1.58
-3.67,8.92,-2.04
-4.03,8.95,-1.67
-4.16,7.85,-2.48
-4.18,8.26,-2.34
-4.31,8.34,-1.65
-4.01,8.10,-1.63
-3.94,8.60,-2.76
-4.08,7.59,-2.42
-4.18,7.89,-1.56
-4.47,7.68,-1.95
-4.28,5.80,0.81
-6.51,7.39,-4.50
-5.77,8.04,-2.41
-5.73,7.66,0.11
-5.22,8.27,-4.10
-4.73,8.63,-2.72
-4.51,9.38,-0.35
-4.27,8.03,-2.04
-4.34,7.81,-2.32
-4.41,7.09,-1.35
-4.58,7.39,-2.06
-4.86,8.08,-2.13
-7.67,10.10,-7.41
-4.96,7.09,-4.27
-5.03,6.11,-6.66
-5.12,6.12,-9.48
-3.61,4.53,-7.02
-4.43,4.78,-9.12
-4.93,1.30,-9.44
-4.60,0.28,-10.69
-2.46,1.78,-11.89
-2.12,0.34,-8.94
-1.20,0.42,-8.82
-1.69,0.17,-11.05
-1.58,-1.08,-10.11
-2.44,-1.94,-10.68
-1.91,-1.92,-10.39
-2.59,-2.95,-9.45
-2.24,-3.24,-9.73
-2.68,-4.51,-8.65
-3.25,-5.53,-8.34
-2.37,-6.59,-6.87
-1.43,-6.10,-7.64
-1.83,-5.35,-11.26
-0.40,-5.18,-7.72
-1.20,-4.75,-7.64
-2.52,-6.71,-8.90
-2.16,-6.15,-7.65
-2.46,-6.70,-7.98
-2.14,-5.94,-7.41
-2.95,-5.03,-6.13
-5.64,-6.19,-5.75
-4.99,-4.02,-8.97
-5.57,-3.85,-4.78
-7.05,-3.62,-4.34
-8.21,-1.57,-5.89
-10.48,-2.78,-5.42
-9.88,-2.12,-9.52
-8.86,-0.96,-6.00
-7.64,-0.03,-5.33
-7.72,-0.36,-7.94
-8.98,0.05,-8.93
-9.19,-0.90,-10.09
-9.12,-1.69,-6.58
-6.23,-0.86,-4.88
-4.84,-2.92,-8.05
-3.74,-4.06,-6.23
-3.98,-5.35,-7.41
-3.41,-5.64,-7.16
-2.58,-4.05,-6.29
-4.04,-5.54,-9.61
-3.37,-6.01,-6.44
-4.39,-6.28,-8.25
-4.07,-5.57,-9.42
-4.97,-5.12,-7.29
-4.85,-6.16,-8.66
-3.08,-5.66,-6.00
-4.47,-6.53,-7.24
-4.01,-5.88,-6.17
-2.82,-6.18,-6.85
-4.50,-6.10,-7.13
-4.04,-6.04,-7.98
-3.50,-5.98,-7.71
-4.37,-6.20,-8.33
-3.88,-5.52,-7.30
-3.79,-5.83,-7.48
-4.03,-5.84,-7.64
-3.98,-5.70,-7.08
-4.34,-6.09,-7.47
-4.05,-5.63,-7.41
-4.04,-5.70,-8.18
-4.03,-5.56,-7.80
-4.11,-5.51,-7.63
-3.98,-5.33,-7.84
-4.06,-5.68,-7.86
-4.49,-5.55,-8.77
-4.07,-3.47,-4.87
-4.94,-4.48,-7.72
-3.97,-4.95,-7.74
-0.75,-1.35,-12.51
-3.02,-0.42,-13.14
-5.16,-4.21,-10.68
-5.54,-3.16,-7.55
-4.81,-0.50,-4.76
-5.67,-2.33,-11.03
-0.94,-0.24,-21.98
-0.49,1.89,-6.94
-0.39,-0.71,-13.32
-1.31,1.83,-6.64
-2.65,4.24,-9.63
-2.28,2.58,-10.87
-2.10,1.33,-10.82
-1.26,2.54,-3.28
-0.06,1.19,-10.20
-1.95,4.98,-10.45
-0.59,0.69,-10.33
1.06,-0.04,-9.59
-0.37,1.94,-11.03
-0.39,1.26,-10.62
-0.68,0.96,-11.27
0.12,0.52,-9.94
0.28,0.32,-10.35
-0.26,2.63,-6.36
1.47,-0.98,-11.03
1.02,-1.63,-10.71
1.13,1.25,-10.54
0.73,0.23,-10.71
1.01,-0.74,-10.63
1.15,0.07,-10.66
0.57,-0.23,-10.63
0.80,-0.23,-10.70
1.36,-0.08,-10.60
0.48,-0.51,-10.77
1.56,0.50,-10.61
0.76,-0.20,-10.68
0.81,-0.92,-10.63
0.87,-0.85,-10.67
1.69,-0.20,-10.60
0.93,-0.04,-10.66
0.86,-0.07,-10.68
1.00,-0.26,-10.67
0.38,-0.27,-10.63
1.07,0.02,-10.62

