









-,-,-
-2.70,-9.14,-2.55
-2.95,-8.79,-2.43
-3.18,-9.33,-2.49
-3.32,-9.34,-2.60
-3.35,-9.33,-2.50
-3.39,-9.10,-2.08
-3.66,-9.09,-1.79
-3.24,-8.99,-1.23
-1.34,-10.10,-1.18
4.69,-11.61,-1.32
9.02,-12.33,-2.30
5.82,-10.30,-2.82
-3.68,-5.04,-1.41
-11.56,-8.01,-1.68
-11.55,-6.79,-4.26
-12.56,-8.64,-3.46
-11.85,-8.38,-3.15
-12.34,-9.12,-2.61
-12.12,-7.70,-1.12
-10.45,-7.06,-0.20
-3.11,-9.31,-2.26
3.82,-8.87,-3.05
7.88,-10.80,-4.76
7.79,-11.80,-5.71
6.94,-9.87,-2.29
6.88,-9.25,-1.28
6.90,-9.94,-1.13
3.66,-9.24,-1.69
-2.41,-10.87,-3.41
-7.16,-7.68,-4.41
-10.63,-6.59,-8.49
-11.61,-5.25,-7.89
-14.22,-7.92,-5.68
-14.30,-8.76,-5.97
-12.57,-7.66,-5.39
-8.21,-7.58,-4.36
-2.67,-9.58,-6.26
3.69,-9.21,-5.85
7.58,-7.48,-6.05
7.38,-8.26,-6.82
3.60,-9.02,-8.62
1.34,-7.06,-6.34
-0.33,-6.35,-5.33
-0.76,-7.61,-6.27
-1.37,-8.20,-5.77
-1.96,-8.07,-5.91
-1.97,-8.16,-6.39
-1.79,-8.04,-6.30
-1.74,-8.20,-6.45
-1.63,-8.24,-6.32
-1.48,-8.24,-6.36
ets Jun  8 2016 00:22:57

rst:0x1 (POWERON_RESET),boot:0x13 (SPI_FAST_FLASH_BOOT)
flash read err, 1000
ets_main.c 371 
ets Jun  8 2016 00:22:57

rst:0x10 (RTCWDT_RTC_RESET),boot:0x13 (SPI_FAST_FLASH_BOOT)
configsip: 0, SPIWP:0xee
clk_drv:0x00,q_drv:0x00,d_drv:0x00,cs0_drv:0x00,hd_drv:0x00,wp_drv:0x00
mode:DIO, clock div:1
load:0x3fff0018,len:4
load:0x3fff001c,len:1216
ho 0 tail 12 room 4
load:0x40078000,len:10944
load:0x40080400,len:6388
entry 0x400806b4










-,-,-
-1.71,-9.36,-2.53
-1.69,-9.30,-2.53
-1.73,-9.19,-2.49
-1.50,-9.39,-2.31
-0.81,-9.18,-2.18
1.44,-9.60,-2.64
4.57,-9.85,-1.86
6.72,-10.86,-1.43
5.51,-10.57,0.06
1.15,-10.22,-1.51
-6.45,-7.60,-1.59
-10.47,-8.89,-3.85
-11.03,-9.49,-4.40
-13.00,-9.12,-2.44
-12.00,-10.59,-2.53
-11.92,-11.21,-1.43
-9.09,-8.19,-0.02
-2.52,-9.00,-1.47
3.46,-7.39,-1.75
7.25,-11.59,-4.86
7.36,-10.23,-2.90
6.42,-11.49,-3.75
6.13,-9.56,-1.49
6.31,-9.60,-0.71
5.47,-10.19,-0.01
2.06,-10.32,-2.09
-3.24,-8.57,-2.01
-8.67,-7.66,-4.56
-11.72,-8.30,-6.23
-15.50,-10.66,-5.80
-14.47,-8.50,-4.15
-12.73,-9.39,-5.27
-8.51,-8.72,-3.17
-3.35,-7.67,-1.83
3.09,-9.54,-4.65
7.63,-9.31,-8.23
9.96,-6.98,-6.72
6.34,-9.96,-9.71
2.57,-7.37,-5.88
-0.19,-7.27,-4.76
-1.28,-8.35,-5.34
-0.64,-7.29,-4.89
-1.36,-8.78,-5.92
-1.46,-8.37,-5.86
-1.55,-8.72,-5.91
-1.41,-8.65,-6.12
-1.51,-8.56,-5.72
ets Jun  8 2016 00:22:57

rst:0x1 (POWERON_RESET),boot:0x13 (SPI_FAST_FLASH_BOOT)
flash read err, 1000
ets_main.c 371 
ets Jun  8 2016 00:22:57

rst:0x10 (RTCWDT_RTC_RESET),boot:0x13 (SPI_FAST_FLASH_BOOT)
configsip: 0, SPIWP:0xee
clk_drv:0x00,q_drv:0x00,d_drv:0x00,cs0_drv:0x00,hd_drv:0x00,wp_drv:0x00
mode:DIO, clock div:1
load:0x3fff0018,len:4
load:0x3fff001c,len:1216
ho 0 tail 12 room 4
load:0x40078000,len:10944
load:0x40080400,len:6388
entry 0x400806b4










-,-,-
-2.11,-9.57,-2.19
-2.20,-9.49,-2.12
-2.17,-9.34,-2.04
-1.75,-9.39,-1.90
1.00,-9.77,-1.34
6.32,-10.28,-0.40
9.22,-12.12,-0.65
4.85,-9.28,-0.34
-2.35,-8.06,-2.65
-10.91,-9.07,-1.74
-11.24,-9.23,-4.76
-12.18,-8.91,-4.15
-12.04,-8.69,-4.17
-11.85,-9.62,-2.99
-12.06,-9.40,-0.40
-8.76,-9.60,-1.61
-1.33,-9.18,-1.01
4.97,-13.28,-4.92
10.47,-12.50,-2.82
9.37,-12.37,-2.63
6.13,-9.75,-0.85
4.27,-8.31,1.02
1.05,-10.67,-2.05
-1.80,-8.23,-2.43
-6.28,-9.06,-5.75
-9.07,-6.01,-5.41
-13.17,-8.14,-6.45
-14.83,-7.47,-5.47
-13.76,-8.31,-6.21
-10.50,-7.29,-4.98
-6.44,-6.92,-3.66
-1.47,-9.46,-5.65
5.55,-10.63,-6.80
6.00,-10.63,-6.35
5.01,-8.55,-4.45
2.79,-10.33,-6.42
0.76,-8.90,-4.61
-0.28,-7.99,-4.42
-1.05,-8.35,-4.84
-1.36,-8.40,-5.07
-1.71,-8.99,-5.09
-1.68,-8.71,-5.39
-1.66,-8.61,-5.16
-1.55,-8.68,-5.32
-1.78,-8.72,-5.15
-1.52,-8.79,-5.25
-1.76,-8.82,-5.12
-1.60,-8.18,-5.08
-1.72,-8.67,-5.30
-1.71,-8.59,-5.26
-1.80,-8.72,-5.22
-1.53,-8.44,-5.36
ets Jun  8 2016 00:22:57

rst:0x1 (POWERON_RESET),boot:0x13 (SPI_FAST_FLASH_BOOT)
flash read err, 1000
ets_main.c 371 
ets Jun  8 2016 00:22:57

rst:0x10 (RTCWDT_RTC_RESET),boot:0x13 (SPI_FAST_FLASH_BOOT)
configsip: 0, SPIWP:0xee
clk_drv:0x00,q_drv:0x00,d_drv:0x00,cs0_drv:0x00,hd_drv:0x00,wp_drv:0x00
mode:DIO, clock div:1
load:0x3fff0018,len:4
load:0x3fff001c,len:1216
ho 0 tail 12 room 4
load:0x40078000,len:10944
load:0x40080400,len:6388
entry 0x400806b4










-,-,-
-2.52,-9.25,-2.42
-2.39,-9.14,-2.45
-2.51,-9.34,-2.61
-2.51,-9.30,-2.75
-2.61,-9.38,-2.69
-2.53,-9.27,-2.76
-2.51,-9.39,-2.86
-2.55,-9.26,-2.71
-2.35,-9.40,-2.36
-0.11,-10.25,-1.69
3.93,-10.06,-1.03
9.63,-10.96,-1.98
6.07,-11.65,-3.41
-2.06,-6.75,-3.17
-9.11,-6.97,-4.04
-14.62,-8.04,1.94
-14.80,-9.15,0.22
-10.58,-7.30,-2.11
-8.99,-8.51,-3.64
-11.22,-8.88,-1.56
-11.13,-7.21,1.44
-6.62,-8.90,-0.54
0.53,-10.00,-3.99
7.54,-7.32,-1.87
8.14,-14.10,-6.46
6.75,-10.77,-2.31
5.95,-9.02,-1.40
5.77,-10.14,-1.74
3.79,-10.37,-2.73
-3.22,-10.43,-1.50
-7.96,-7.39,-4.17
-13.01,-7.02,-5.83
-17.69,-8.43,-3.69
-17.51,-12.01,-4.75
-12.97,-8.04,-1.79
-6.56,-5.95,-2.67
0.71,-8.10,-4.81
6.25,-12.54,-7.01
8.66,-12.33,-6.59
3.89,-10.33,-5.28
0.13,-8.67,-4.08
-0.97,-7.92,-3.76
-1.18,-8.56,-4.24
-2.38,-8.75,-3.89
-2.78,-8.56,-4.17
-3.10,-8.55,-3.59
-3.23,-8.70,-3.80
-3.48,-9.10,-3.77
-2.90,-8.57,-3.76
-3.13,-8.78,-3.97
-2.92,-8.88,-4.07
-2.81,-8.78,-3.84
-2.91,-8.78,-4.12
ets Jun  8 2016 00:22:57

rst:0x1 (POWERON_RESET),boot:0x13 (SPI_FAST_FLASH_BOOT)
flash read err, 1000
ets_main.c 371 
ets Jun  8 2016 00:22:57

rst:0x10 (RTCWDT_RTC_RESET),boot:0x13 (SPI_FAST_FLASH_BOOT)
configsip: 0, SPIWP:0xee
clk_drv:0x00,q_drv:0x00,d_drv:0x00,cs0_drv:0x00,hd_drv:0x00,wp_drv:0x00
mode:DIO, clock div:1
load:0x3fff0018,len:4
load:0x3fff001c,len:1216
ho 0 tail 12 room 4
load:0x40078000,len:10944
load:0x40080400,len:6388
entry 0x400806b4










-,-,-
-2.19,-9.18,-3.28
-2.31,-9.22,-3.15
-2.35,-9.22,-3.16
-2.32,-9.26,-3.20
-2.17,-9.25,-3.29
-2.16,-9.20,-3.25
-2.17,-9.20,-2.99
-1.78,-9.49,-3.01
-0.41,-9.67,-3.08
2.05,-10.29,-2.58
5.52,-11.03,-1.94
6.03,-10.99,-2.37
2.92,-9.24,-2.79
-5.18,-5.65,-1.93
-12.68,-7.24,-1.42
-11.56,-9.26,-3.68
-10.32,-8.12,-2.10
-10.13,-7.98,-3.02
-9.94,-8.38,-2.58
-11.14,-8.82,-1.98
-9.40,-8.77,-1.64
-4.02,-10.79,-4.02
1.90,-9.30,-3.83
5.02,-9.87,-4.43
5.26,-10.75,-4.45
4.98,-9.27,-2.94
3.90,-9.09,-2.59
2.99,-9.38,-1.27
1.09,-9.98,-1.79
-0.37,-10.42,-2.67
-4.75,-10.07,-4.09
-8.95,-5.44,-3.62
-11.50,-8.30,-5.64
-12.07,-9.50,-4.18
-11.26,-9.33,-4.33
-8.77,-7.77,-3.38
-7.63,-7.99,-3.21
-6.57,-9.52,-2.76
-1.32,-10.11,-4.75
2.84,-11.04,-5.89
3.45,-10.34,-5.83
2.70,-8.63,-5.03
0.48,-8.89,-5.13
-0.54,-7.88,-4.13
-1.46,-8.22,-4.14
-2.21,-7.94,-3.68
-2.66,-8.68,-4.39
-2.70,-8.86,-4.36
-2.81,-8.94,-4.59
-2.99,-9.16,-4.53
-2.70,-8.86,-4.66
-2.82,-8.82,-4.41
-2.83,-8.79,-4.45
-2.72,-8.77,-4.34
-2.57,-8.48,-4.24
-2.82,-8.71,-4.22
-2.59,-8.50,-4.02
ets Jun  8 2016 00:22:57

rst:0x1 (POWERON_RESET),boot:0x13 (SPI_FAST_FLASH_BOOT)
flash read err, 1000
ets_main.c 371 
ets Jun  8 2016 00:22:57

rst:0x10 (RTCWDT_RTC_RESET),boot:0x13 (SPI_FAST_FLASH_BOOT)
configsip: 0, SPIWP:0xee
clk_drv:0x00,q_drv:0x00,d_drv:0x00,cs0_drv:0x00,hd_drv:0x00,wp_drv:0x00
mode:DIO, clock div:1
load:0x3fff0018,len:4
load:0x3fff001c,len:1216
ho 0 tail 12 room 4
load:0x40078000,len:10944
load:0x40080400,len:6388
entry 0x400806b4










-,-,-
-2.13,-9.14,-3.01
-2.52,-8.73,-2.85
-2.89,-8.94,-2.71
-3.05,-9.15,-2.66
-2.79,-9.31,-2.74
-1.83,-9.32,-2.67
-0.65,-9.66,-2.22
1.66,-10.13,-1.55
4.58,-11.84,-1.56
4.21,-11.22,-1.40
2.29,-8.02,-1.45
-0.67,-6.64,-2.93
-7.54,-8.18,-1.99
-11.45,-9.41,-3.10
-11.83,-9.38,-3.47
-10.58,-8.49,-3.23
-9.41,-10.28,-4.37
-8.46,-8.99,-2.72
-8.51,-9.97,-2.74
-7.04,-9.57,-2.91
-3.63,-8.82,-2.58
-0.19,-9.59,-2.58
3.38,-9.97,-1.35
4.27,-12.33,-2.80
4.02,-10.36,-0.95
3.35,-9.57,-0.68
2.51,-9.71,-0.47
1.41,-9.44,-0.47
0.17,-10.87,-1.67
-2.08,-10.29,-3.15
-3.85,-8.08,-2.97
-6.90,-7.61,-4.28
-10.08,-8.35,-4.46
-10.96,-8.95,-4.03
-9.69,-8.79,-3.32
-8.66,-9.39,-3.75
-7.73,-8.89,-3.06
-7.41,-8.18,-2.43
-6.84,-9.80,-2.35
-3.68,-9.56,-2.22
0.69,-9.88,-3.58
4.76,-8.93,-4.62
4.89,-9.89,-5.23
3.29,-9.09,-4.21
1.43,-8.98,-3.36
-0.42,-8.36,-2.79
-1.43,-9.27,-3.25
-1.64,-9.29,-3.19
-1.74,-9.44,-3.54
-1.75,-9.37,-3.78
-1.79,-9.48,-3.98
-1.91,-9.52,-4.02
-1.84,-9.50,-3.98
-1.68,-9.29,-3.79
-1.58,-9.01,-3.62
-1.69,-9.13,-3.60
ets Jun  8 2016 00:22:57

rst:0x1 (POWERON_RESET),boot:0x13 (SPI_FAST_FLASH_BOOT)
flash read err, 1000
ets_main.c 371 
ets Jun  8 2016 00:22:57

rst:0x10 (RTCWDT_RTC_RESET),boot:0x13 (SPI_FAST_FLASH_BOOT)
configsip: 0, SPIWP:0xee
clk_drv:0x00,q_drv:0x00,d_drv:0x00,cs0_drv:0x00,hd_drv:0x00,wp_drv:0x00
mode:DIO, clock div:1
load:0x3fff0018,len:4
load:0x3fff001c,len:1216
ho 0 tail 12 room 4
load:0x40078000,len:10944
load:0x40080400,len:6388
entry 0x400806b4










-,-,-
-2.40,-9.50,-2.10
-2.47,-9.28,-2.08
-2.51,-9.49,-2.26
-2.26,-9.43,-2.46
-2.14,-9.44,-2.30
-1.62,-9.41,-2.25
0.69,-9.91,-1.81
3.88,-9.85,-0.85
5.38,-10.98,-0.55
3.70,-10.11,-0.65
-0.37,-8.13,-0.65
-5.32,-8.08,-2.68
-10.08,-8.66,-2.16
-13.02,-8.92,-2.52
-14.17,-6.87,-1.29
-12.69,-7.27,-1.64
-10.38,-7.37,-1.90
-8.80,-7.69,-2.12
-6.76,-9.60,-2.21
-2.60,-9.44,-1.92
-0.33,-11.89,-3.24
2.07,-9.97,-1.61
2.19,-11.03,-2.92
2.16,-9.83,-1.66
2.58,-9.11,-1.14
2.51,-8.73,-0.97
2.70,-9.48,-1.06
2.07,-9.88,-1.06
-1.04,-9.80,-0.78
-4.20,-10.56,-3.31
-7.80,-9.13,-2.62
-10.71,-7.37,-5.08
-12.07,-8.15,-4.97
-12.16,-7.76,-3.29
-10.96,-8.54,-3.68
-8.66,-7.83,-2.98
-8.19,-7.74,-1.66
-5.99,-8.69,-2.11
-1.23,-9.66,-3.88
3.30,-10.91,-4.78
5.31,-11.22,-5.33
4.58,-10.37,-4.50
1.34,-8.94,-3.68
-0.69,-7.78,-2.53
-1.70,-8.49,-3.11
-1.91,-8.84,-3.17
-2.22,-9.15,-3.61
-2.58,-9.23,-3.61
-2.21,-8.58,-3.67
-2.84,-9.29,-3.52
-2.80,-9.25,-3.57
-2.71,-9.41,-3.58
-2.48,-8.98,-3.47
-2.78,-8.88,-3.18
ets Jun  8 2016 00:22:57

rst:0x1 (POWERON_RESET),boot:0x13 (SPI_FAST_FLASH_BOOT)
flash read err, 1000
ets_main.c 371 
ets Jun  8 2016 00:22:57

rst:0x10 (RTCWDT_RTC_RESET),boot:0x13 (SPI_FAST_FLASH_BOOT)
configsip: 0, SPIWP:0xee
clk_drv:0x00,q_drv:0x00,d_drv:0x00,cs0_drv:0x00,hd_drv:0x00,wp_drv:0x00
mode:DIO, clock div:1
load:0x3fff0018,len:4
load:0x3fff001c,len:1216
ho 0 tail 12 room 4
load:0x40078000,len:10944
load:0x40080400,len:6388
entry 0x400806b4










-,-,-
-2.17,-9.46,-3.05
-2.15,-9.21,-3.09
-2.09,-9.16,-3.06
-2.23,-9.20,-2.82
-1.92,-8.97,-2.66
-0.44,-8.45,-2.31
2.56,-7.62,-1.61
5.34,-9.17,-1.94
5.82,-11.38,-2.07
2.03,-12.11,-0.92
-2.10,-10.07,-1.51
-7.45,-9.34,-1.51
-10.75,-7.37,-1.99
-13.41,-8.64,-3.74
-13.93,-8.31,-3.12
-11.71,-9.92,-3.58
-10.04,-9.73,-2.00
-7.92,-9.60,-1.24
-4.28,-8.81,-1.27
0.01,-9.61,-2.93
1.73,-9.65,-3.08
2.99,-10.60,-3.62
2.68,-10.76,-3.47
2.22,-9.37,-2.22
2.39,-8.29,-1.33
2.05,-9.37,-1.04
1.13,-10.81,-0.73
-0.48,-10.81,-1.18
-2.61,-8.35,-2.27
-5.44,-9.45,-4.00
-9.50,-7.40,-3.42
-12.16,-8.13,-4.80
-12.40,-7.07,-1.45
-11.95,-8.58,-3.45
-9.59,-8.35,-3.07
-8.51,-7.75,-2.30
-6.59,-8.00,-1.73
-2.44,-10.28,-4.32
2.42,-10.36,-4.60
4.10,-12.07,-6.08
3.71,-9.62,-3.96
0.79,-8.32,-3.22
-1.30,-8.00,-2.88
-2.70,-8.43,-2.15
-2.37,-8.60,-2.21
-3.02,-9.49,-2.94
-2.84,-9.17,-2.90
-3.09,-9.50,-3.13
-3.00,-9.33,-3.09
-3.31,-9.39,-2.85
-3.11,-9.24,-2.99
-2.98,-9.02,-2.96
-2.86,-8.84,-2.94
-3.19,-9.11,-2.66
-3.28,-8.83,-2.33
-3.39,-9.14,-2.72
ets Jun  8 2016 00:22:57

rst:0x1 (POWERON_RESET),boot:0x13 (SPI_FAST_FLASH_BOOT)
flash read err, 1000
ets_main.c 371 
ets Jun  8 2016 00:22:57

rst:0x10 (RTCWDT_RTC_RESET),boot:0x13 (SPI_FAST_FLASH_BOOT)
configsip: 0, SPIWP:0xee
clk_drv:0x00,q_drv:0x00,d_drv:0x00,cs0_drv:0x00,hd_drv:0x00,wp_drv:0x00
mode:DIO, clock div:1
load:0x3fff0018,len:4
load:0x3fff001c,len:1216
ho 0 tail 12 room 4
load:0x40078000,len:10944
load:0x40080400,len:6388
entry 0x400806b4










-,-,-
-2.20,-9.30,-2.95
-2.29,-9.25,-2.85
-2.22,-9.24,-2.57
-2.05,-9.27,-2.39
-1.15,-9.36,-2.36
0.82,-9.76,-2.03
3.07,-10.40,-0.91
4.37,-11.56,-0.89
3.11,-10.40,-1.25
0.52,-8.70,-1.84
-3.99,-6.87,-1.06
-9.45,-8.61,-0.91
-10.57,-8.10,-0.83
-10.41,-8.44,-0.92
-10.39,-8.20,-0.79
-10.96,-9.85,0.22
-10.12,-8.69,1.37
-8.87,-8.07,2.32
-6.42,-9.05,0.53
-2.34,-9.36,-0.75
0.72,-10.46,-2.58
2.61,-11.07,-2.93
2.82,-10.46,-1.95
2.90,-10.61,-2.37
3.05,-9.27,-1.49
2.55,-9.40,-1.13
1.53,-9.71,-0.91
-0.33,-10.02,-1.67
-4.47,-8.37,-1.38
-7.43,-7.98,-4.38
-9.49,-7.18,-3.05
-10.30,-7.35,-4.93
-11.94,-7.37,-2.63
-11.55,-8.96,-3.06
-9.63,-9.19,-3.58
-7.82,-7.19,-2.26
-8.03,-8.03,-2.03
-3.85,-5.92,0.38
-1.94,-10.82,-5.60
2.11,-9.80,-3.09
2.29,-12.08,-5.42
1.03,-10.65,-3.97
-0.64,-9.33,-2.99
-1.80,-8.56,-2.44
-1.96,-9.00,-2.45
-2.39,-9.28,-2.68
-2.66,-9.29,-2.65
-2.89,-9.10,-2.94
-3.00,-9.28,-3.07
-3.12,-9.52,-3.27
-2.86,-9.18,-3.15
-3.17,-9.52,-3.22
-3.29,-8.61,-2.80
ets Jun  8 2016 00:22:57

rst:0x1 (POWERON_RESET),boot:0x13 (SPI_FAST_FLASH_BOOT)
flash read err, 1000
ets_main.c 371 
ets Jun  8 2016 00:22:57

rst:0x10 (RTCWDT_RTC_RESET),boot:0x13 (SPI_FAST_FLASH_BOOT)
configsip: 0, SPIWP:0xee
clk_drv:0x00,q_drv:0x00,d_drv:0x00,cs0_drv:0x00,hd_drv:0x00,wp_drv:0x00
mode:DIO, clock div:1
load:0x3fff0018,len:4
load:0x3fff001c,len:1216
ho 0 tail 12 room 4
load:0x40078000,len:10944
load:0x40080400,len:6388
entry 0x400806b4










-,-,-
-2.23,-9.59,-2.69
-2.09,-9.42,-2.73
-1.94,-9.15,-2.56
-1.30,-9.10,-2.35
0.46,-8.88,-1.32
2.95,-8.24,-0.42
5.36,-11.11,-1.17
4.39,-11.51,-1.13
0.06,-9.88,-0.55
-4.75,-8.38,-1.29
-9.22,-7.29,-1.94
-11.83,-9.54,-1.69
-14.27,-7.49,0.27
-12.72,-6.90,-0.42
-10.93,-8.17,-1.08
-9.77,-8.71,-0.62
-7.85,-9.17,-0.39
-5.18,-10.32,-0.39
-1.43,-9.93,-1.03
2.77,-9.75,-2.11
4.99,-10.34,-2.43
4.56,-11.23,-3.20
2.71,-10.62,-1.95
1.65,-8.70,-0.52
0.79,-9.20,0.21
0.14,-9.57,-0.36
0.29,-11.03,-1.54
-2.37,-10.55,-2.10
-5.69,-8.59,-2.37
-7.67,-8.03,-3.06
-10.46,-6.76,-1.96
-10.71,-7.72,-3.37
-10.41,-7.97,-1.73
-10.57,-10.07,-3.08
-9.33,-8.88,-1.59
-7.92,-9.05,-2.63
-4.92,-8.87,-3.72
-1.05,-9.87,-5.04
1.50,-9.61,-5.31
2.78,-9.90,-5.39
3.43,-8.48,-4.14
0.85,-9.70,-5.17
-0.74,-8.22,-3.72
-1.71,-8.23,-3.11
-2.06,-8.69,-3.70
-2.71,-9.23,-3.48
-3.17,-9.02,-3.74
-3.19,-8.84,-3.70
-2.98,-8.84,-3.84
-3.09,-9.48,-3.86
-2.84,-8.97,-3.69
-3.03,-8.75,-3.51
-3.09,-8.74,-3.46
ets Jun  8 2016 00:22:57

rst:0x1 (POWERON_RESET),boot:0x13 (SPI_FAST_FLASH_BOOT)
flash read err, 1000
ets_main.c 371 
ets Jun  8 2016 00:22:57

rst:0x10 (RTCWDT_RTC_RESET),boot:0x13 (SPI_FAST_FLASH_BOOT)
configsip: 0, SPIWP:0xee
clk_drv:0x00,q_drv:0x00,d_drv:0x00,cs0_drv:0x00,hd_drv:0x00,wp_drv:0x00
mode:DIO, clock div:1
load:0x3fff0018,len:4
load:0x3fff001c,len:1216
ho 0 tail 12 room 4
load:0x40078000,len:10944
load:0x40080400,len:6388
entry 0x400806b4










-,-,-
-2.19,-9.47,-1.91
-2.23,-9.45,-1.89
-2.30,-9.41,-1.71
-2.08,-9.32,-1.56
-1.57,-9.46,-1.57
-0.24,-9.43,-1.24
2.22,-10.28,-1.12
3.21,-10.64,-0.15
3.82,-11.25,-0.82
1.54,-9.27,-1.16
-2.21,-8.65,-1.04
-7.02,-7.11,-0.73
-11.36,-8.36,-0.52
-12.64,-8.62,-1.36
-12.64,-8.12,-0.80
-11.19,-8.80,-0.80
-9.52,-7.74,-0.56
-9.13,-8.10,0.65
-5.67,-9.17,-1.05
-1.01,-9.44,-0.96
2.73,-12.92,-3.36
5.08,-10.14,-1.16
4.63,-10.78,-1.73
3.81,-9.74,-1.05
2.98,-9.00,0.22
0.87,-9.90,-0.02
-1.70,-10.37,-0.57
-3.85,-10.26,-1.66
-5.72,-7.20,-1.31
-9.58,-8.25,-2.59
-12.88,-7.31,-2.02
-13.81,-7.68,-2.41
-13.07,-7.80,-1.89
-11.17,-7.89,-0.76
-8.47,-7.97,-0.60
-5.60,-10.05,-2.21
0.11,-9.14,-2.02
3.30,-10.70,-4.69
3.32,-10.24,-3.91
2.14,-9.46,-3.76
-0.24,-9.47,-2.90
-2.01,-9.10,-2.77
-2.78,-8.46,-2.43
-2.68,-9.13,-3.13
-2.77,-9.21,-3.62
-3.03,-9.23,-3.28
-3.23,-9.19,-3.31
-3.08,-8.91,-3.22
-3.35,-9.06,-3.21
-3.24,-9.12,-3.33
-3.03,-9.03,-3.18
-3.08,-8.69,-3.11
-3.29,-8.90,-2.93
-3.25,-8.92,-2.68
ets Jun  8 2016 00:22:57

rst:0x1 (POWERON_RESET),boot:0x13 (SPI_FAST_FLASH_BOOT)
flash read err, 1000
ets_main.c 371 
ets Jun  8 2016 00:22:57

rst:0x10 (RTCWDT_RTC_RESET),boot:0x13 (SPI_FAST_FLASH_BOOT)
configsip: 0, SPIWP:0xee
clk_drv:0x00,q_drv:0x00,d_drv:0x00,cs0_drv:0x00,hd_drv:0x00,wp_drv:0x00
mode:DIO, clock div:1
load:0x3fff0018,len:4
load:0x3fff001c,len:1216
ho 0 tail 12 room 4
load:0x40078000,len:10944
load:0x40080400,len:6388
entry 0x400806b4










-,-,-
-2.37,-9.53,-2.17
-2.39,-9.49,-2.20
-2.29,-9.35,-2.19
-1.97,-9.19,-2.02
-1.36,-9.26,-1.68
-0.11,-9.40,-1.59
3.39,-10.15,-1.28
4.15,-10.56,-0.43
3.80,-10.33,-0.02
-0.01,-8.26,-0.36
-3.21,-7.53,-1.35
-9.77,-7.57,0.34
-11.99,-9.53,-1.61
-12.66,-8.88,-0.12
-11.72,-8.73,-0.06
-10.25,-8.77,0.02
-8.60,-7.88,0.41
-6.90,-9.28,-0.92
-3.50,-8.37,-0.28
-1.16,-10.16,-1.67
0.68,-9.49,-0.76
1.05,-11.02,-1.56
0.99,-11.36,-0.57
2.15,-10.15,-0.17
1.93,-9.53,0.21
2.81,-10.54,1.13
0.68,-10.00,0.92
-1.10,-10.12,-0.89
-4.53,-8.13,-1.44
-8.33,-8.40,-3.92
-11.16,-7.76,-2.67
-12.74,-7.72,-2.68
-12.01,-5.82,-1.02
-11.31,-8.32,-2.64
-9.88,-7.56,-1.32
-7.88,-9.11,-2.61
-5.08,-9.80,-2.37
0.56,-9.96,-3.22
3.22,-10.75,-3.88
3.79,-10.97,-4.35
2.92,-9.72,-3.48
1.07,-8.62,-3.35
-0.51,-8.74,-3.46
-1.40,-8.62,-3.17
-2.04,-8.66,-2.73
-2.16,-9.21,-3.43
-2.22,-9.26,-3.49
-2.03,-8.81,-3.74
-2.45,-9.89,-3.89
-2.25,-9.32,-3.61
-2.49,-9.35,-3.66
-2.27,-9.03,-3.64
-2.21,-8.88,-3.35
-2.41,-8.86,-3.45
-2.50,-9.11,-3.26
ets Jun  8 2016 00:22:57

rst:0x1 (POWERON_RESET),boot:0x13 (SPI_FAST_FLASH_BOOT)
flash read err, 1000
ets_main.c 371 
ets Jun  8 2016 00:22:57

rst:0x10 (RTCWDT_RTC_RESET),boot:0x13 (SPI_FAST_FLASH_BOOT)
configsip: 0, SPIWP:0xee
clk_drv:0x00,q_drv:0x00,d_drv:0x00,cs0_drv:0x00,hd_drv:0x00,wp_drv:0x00
mode:DIO, clock div:1
load:0x3fff0018,len:4
load:0x3fff001c,len:1216
ho 0 tail 12 room 4
load:0x40078000,len:10944
load:0x40080400,len:6388
entry 0x400806b4










-,-,-
-2.54,-9.59,-1.76
-2.49,-9.52,-1.78
-2.39,-9.47,-1.88
-2.44,-9.33,-1.81
-2.29,-9.35,-1.64
-1.92,-9.23,-1.56
-1.09,-9.36,-1.46
1.07,-9.11,-1.34
3.60,-9.11,-0.49
4.57,-10.11,-0.08
2.64,-9.85,0.23
-0.70,-9.95,-1.03
-5.66,-8.36,-0.67
-9.15,-10.96,-2.24
-10.79,-9.30,-1.00
-11.82,-8.08,-0.56
-10.83,-8.36,-0.05
-10.18,-9.59,-0.15
-8.71,-8.37,0.42
-7.36,-8.47,-0.33
-3.34,-8.09,0.79
0.81,-12.68,-3.62
4.34,-9.53,-0.64
5.04,-10.89,-2.52
3.81,-10.65,-1.32
3.32,-9.39,0.36
2.85,-9.65,0.18
1.32,-9.12,-0.21
-1.67,-9.89,-1.59
-6.22,-9.50,-2.20
-9.39,-9.58,-3.31
-9.90,-8.36,-5.64
-11.52,-8.66,-4.35
-11.91,-7.99,-2.72
-11.05,-9.40,-2.30
-8.73,-8.48,-1.33
-6.49,-9.79,-1.83
-2.58,-8.93,-0.91
1.20,-10.97,-3.39
4.14,-8.32,-2.15
2.94,-9.97,-3.78
0.45,-10.09,-3.25
-1.68,-9.74,-2.42
-1.97,-8.92,-1.98
-2.17,-9.16,-2.61
-2.53,-8.72,-2.29
-2.96,-9.32,-2.49
-3.19,-9.42,-2.51
-3.05,-9.18,-2.73
-3.23,-9.27,-2.47
-3.23,-8.98,-2.43
-3.04,-8.93,-1.98
ets Jun  8 2016 00:22:57

rst:0x1 (POWERON_RESET),boot:0x13 (SPI_FAST_FLASH_BOOT)
flash read err, 1000
ets_main.c 371 
ets Jun  8 2016 00:22:57

rst:0x10 (RTCWDT_RTC_RESET),boot:0x13 (SPI_FAST_FLASH_BOOT)
configsip: 0, SPIWP:0xee
clk_drv:0x00,q_drv:0x00,d_drv:0x00,cs0_drv:0x00,hd_drv:0x00,wp_drv:0x00
mode:DIO, clock div:1
load:0x3fff0018,len:4
load:0x3fff001c,len:1216
ho 0 tail 12 room 4
load:0x40078000,len:10944
load:0x40080400,len:6388
entry 0x400806b4










-,-,-
-2.66,-9.47,-1.65
-2.65,-9.32,-1.69
-2.70,-9.36,-1.72
-2.66,-9.38,-1.73
-2.73,-9.39,-1.79
-2.65,-9.53,-1.70
-2.79,-9.52,-1.61
-2.75,-9.56,-1.69
-2.72,-9.38,-1.67
-2.45,-9.40,-1.67
-1.67,-9.49,-1.45
0.83,-9.75,-0.43
4.18,-9.17,0.02
5.17,-9.74,-0.66
2.48,-9.10,-1.19
-4.24,-9.21,-1.15
-8.25,-8.76,-1.97
-11.20,-10.12,-1.93
-10.80,-10.04,-1.70
-10.45,-8.26,-0.23
-9.08,-8.97,-0.16
-9.46,-9.47,0.59
-8.11,-8.06,0.48
-5.55,-8.96,-0.97
-1.87,-9.41,-0.30
1.78,-11.56,-3.22
2.47,-11.14,-2.16
1.86,-10.07,-1.75
1.04,-8.55,-0.03
0.88,-8.08,0.47
1.37,-8.76,0.34
1.27,-9.34,-0.42
-1.19,-9.46,-0.57
-4.26,-9.26,-1.08
-6.78,-8.20,-2.71
-9.65,-8.78,-3.39
-10.39,-8.70,-5.21
-11.31,-8.15,-3.20
-10.50,-8.54,-3.15
-9.68,-8.45,-2.61
-9.55,-7.25,-0.86
-8.04,-7.79,-0.73
-3.98,-9.15,-2.23
0.77,-9.45,-1.87
2.89,-13.04,-5.07
1.61,-9.58,-1.62
-0.17,-10.37,-2.93
-1.87,-8.85,-2.12
-2.41,-8.47,-2.07
-2.91,-8.78,-2.20
-3.39,-9.14,-2.32
-3.50,-9.11,-2.32
-3.66,-9.15,-2.72
-3.68,-9.17,-2.60
-3.74,-9.16,-2.57
-3.63,-9.31,-2.62
-3.52,-8.81,-2.39
-3.60,-8.81,-2.26
-3.60,-8.82,-2.23
-3.49,-9.00,-2.20
-3.42,-8.74,-2.40
-3.68,-8.73,-2.24
-3.92,-8.85,-2.30
ets Jun  8 2016 00:22:57

rst:0x1 (POWERON_RESET),boot:0x13 (SPI_FAST_FLASH_BOOT)
flash read err, 1000
ets_main.c 371 
ets Jun  8 2016 00:22:57

rst:0x10 (RTCWDT_RTC_RESET),boot:0x13 (SPI_FAST_FLASH_BOOT)
configsip: 0, SPIWP:0xee
clk_drv:0x00,q_drv:0x00,d_drv:0x00,cs0_drv:0x00,hd_drv:0x00,wp_drv:0x00
mode:DIO, clock div:1
load:0x3fff0018,len:4
load:0x3fff001c,len:1216
ho 0 tail 12 room 4
load:0x40078000,len:10944
load:0x40080400,len:6388
entry 0x400806b4










-,-,-
-2.92,-9.45,-1.63
-2.77,-9.37,-1.65
-2.68,-9.24,-1.69
-2.71,-9.12,-1.57
-2.86,-9.34,-1.44
-3.10,-9.45,-1.41
-3.04,-9.43,-1.28
-2.77,-9.47,-1.35
-1.79,-9.79,-1.36
0.48,-10.12,-0.68
3.01,-10.14,0.06
5.14,-9.81,0.21
4.08,-10.62,-0.89
0.02,-8.30,-2.03
-5.37,-8.27,-2.33
-12.57,-9.48,0.77
-15.50,-8.77,-0.78
-14.00,-6.55,-1.13
-10.75,-6.79,-2.63
-10.85,-7.71,-2.31
-9.47,-7.68,-0.56
-5.73,-9.94,-1.39
-0.93,-9.78,-0.28
2.37,-11.60,-2.51
4.05,-12.37,-2.67
3.83,-10.15,-0.89
2.93,-9.37,-1.08
2.48,-8.58,-0.10
3.13,-9.49,-0.74
0.86,-10.43,-1.84
-3.97,-9.99,-1.24
-8.49,-7.80,-2.52
-10.69,-7.43,-3.68
-12.01,-8.21,-4.24
-12.11,-7.52,-2.97
-10.53,-6.73,-2.28
-10.01,-8.19,-1.25
-10.91,-8.23,0.71
-9.59,-9.07,-0.05
-4.96,-9.41,-2.06
1.38,-9.97,-4.30
3.46,-10.56,-4.05
2.87,-10.91,-4.50
0.92,-9.56,-2.94
-1.21,-9.21,-2.93
-2.20,-8.53,-2.38
-2.55,-8.13,-2.09
-2.93,-8.55,-2.38
-3.72,-9.05,-2.53
-3.77,-9.14,-2.77
-3.84,-9.27,-2.81
-3.60,-9.15,-2.81
-3.67,-9.08,-2.54
-3.45,-8.86,-2.54
-3.50,-8.81,-2.23
-3.38,-8.90,-2.42
-3.52,-8.94,-2.16
-3.43,-8.87,-2.32
-3.62,-8.83,-2.31
-4.05,-8.63,-2.55
ets Jun  8 2016 00:22:57

rst:0x1 (POWERON_RESET),boot:0x13 (SPI_FAST_FLASH_BOOT)
flash read err, 1000
ets_main.c 371 
ets Jun  8 2016 00:22:57

rst:0x10 (RTCWDT_RTC_RESET),boot:0x13 (SPI_FAST_FLASH_BOOT)
configsip: 0, SPIWP:0xee
clk_drv:0x00,q_drv:0x00,d_drv:0x00,cs0_drv:0x00,hd_drv:0x00,wp_drv:0x00
mode:DIO, clock div:1
load:0x3fff0018,len:4
load:0x3fff001c,len:1216
ho 0 tail 12 room 4
load:0x40078000,len:10944
load:0x40080400,len:6388
entry 0x400806b4










-,-,-
-2.83,-9.39,-1.46
-2.77,-9.35,-1.46
-2.75,-9.30,-1.33
-2.68,-9.37,-1.26
-2.79,-9.21,-1.28
-2.92,-9.48,-1.23
-3.00,-9.56,-1.19
-2.86,-9.46,-1.30
-2.62,-9.47,-1.22
-2.07,-9.33,-1.18
-1.02,-9.26,-0.88
1.15,-8.80,-0.02
4.76,-9.17,0.08
5.26,-10.80,-0.46
3.26,-9.96,-0.85
-1.76,-8.69,-1.16
-7.71,-9.14,-1.68
-12.51,-9.75,-1.07
-15.02,-9.63,-0.96
-12.54,-8.09,-0.20
-10.39,-8.62,-1.31
-9.67,-7.72,-0.04
-8.37,-9.13,-0.06
-5.60,-8.16,0.54
-1.63,-11.98,-1.62
2.90,-9.61,0.14
4.42,-11.80,-1.97
3.83,-10.27,0.35
3.79,-10.50,0.35
3.85,-9.88,1.47
4.35,-9.77,0.98
1.31,-10.31,0.54
-4.30,-9.20,-1.06
-9.45,-7.67,-1.18
-12.74,-7.66,-3.28
-14.46,-7.56,-1.69
-12.96,-7.12,-1.98
-11.21,-8.34,-0.77
-9.77,-8.41,-1.35
-8.18,-7.82,-0.15
-4.80,-8.54,-0.77
-0.09,-10.93,-4.39
2.00,-11.07,-3.61
2.57,-9.72,-2.22
0.89,-10.88,-3.97
-1.20,-9.48,-2.32
-1.13,-8.72,-2.93
-1.33,-8.51,-3.52
-1.72,-8.33,-3.58
-2.92,-9.27,-3.34
-2.89,-8.95,-3.35
-2.83,-8.81,-3.54
-3.06,-9.10,-3.57
-3.08,-9.14,-3.38
-2.90,-9.15,-3.14
-3.19,-9.23,-2.95
-3.14,-9.00,-2.74
-3.06,-8.95,-2.92
-3.11,-8.97,-2.81
-3.11,-8.80,-2.87
-3.15,-9.07,-3.00
ets Jun  8 2016 00:22:57

rst:0x1 (POWERON_RESET),boot:0x13 (SPI_FAST_FLASH_BOOT)
flash read err, 1000
ets_main.c 371 
ets Jun  8 2016 00:22:57

rst:0x10 (RTCWDT_RTC_RESET),boot:0x13 (SPI_FAST_FLASH_BOOT)
configsip: 0, SPIWP:0xee
clk_drv:0x00,q_drv:0x00,d_drv:0x00,cs0_drv:0x00,hd_drv:0x00,wp_drv:0x00
mode:DIO, clock div:1
load:0x3fff0018,len:4
load:0x3fff001c,len:1216
ho 0 tail 12 room 4
load:0x40078000,len:10944
load:0x40080400,len:6388
entry 0x400806b4










-,-,-
-2.70,-9.46,-1.30
-2.67,-9.37,-1.41
-2.66,-9.39,-1.30
-2.77,-9.43,-1.25
-2.80,-9.47,-1.12
-2.73,-9.39,-1.10
-2.66,-9.31,-1.09
-2.58,-9.25,-1.16
-2.76,-9.50,-1.22
-2.79,-9.75,-1.37
-2.90,-9.81,-1.41
-2.70,-9.70,-1.44
-2.72,-9.47,-1.11
-2.53,-9.25,-0.91
-2.16,-9.09,-0.85
-1.09,-9.20,-0.82
1.43,-8.79,0.11
3.68,-10.14,-0.63
3.75,-10.00,-0.58
2.03,-10.97,-1.51
-2.07,-8.75,-1.23
-6.71,-7.64,-1.13
-11.33,-8.14,-0.55
-13.23,-7.94,-0.20
-12.96,-8.21,-0.34
-11.34,-8.96,-0.43
-9.74,-8.19,0.52
-9.10,-8.85,0.69
-5.96,-9.75,0.26
-1.82,-10.48,-2.32
2.22,-9.58,-2.30
3.06,-11.37,-4.42
2.83,-9.57,-1.91
1.90,-9.34,-1.63
1.70,-8.58,-0.37
1.74,-9.46,-0.53
0.52,-10.20,-1.32
-2.78,-10.38,-0.74
-7.27,-9.07,-0.59
-9.12,-7.80,-2.32
-10.72,-7.89,-4.33
-10.29,-7.57,-1.15
-11.34,-7.52,-0.87
-8.33,-7.04,-0.83
-8.54,-8.99,-1.71
-9.37,-7.19,2.24
-9.77,-9.00,0.44
-3.76,-9.31,-1.87
0.44,-9.82,-2.90
3.77,-12.60,-5.38
2.67,-10.51,-4.00
-0.07,-8.91,-2.27
-1.81,-8.21,-2.37
-2.47,-8.20,-2.25
-2.85,-8.90,-2.50
-3.21,-8.89,-2.57
-3.66,-8.88,-2.63
-3.70,-9.07,-2.59
-3.72,-9.16,-2.70
-3.50,-9.08,-2.54
-3.68,-9.31,-2.35
-3.39,-8.97,-2.38
-3.45,-9.03,-2.29
-3.17,-9.01,-2.39
-3.41,-9.14,-2.47
-3.42,-9.25,-2.50
-3.60,-8.95,-2.39
-3.33,-9.04,-2.72
-3.62,-8.89,-2.53
-3.59,-9.24,-2.66
-3.60,-8.83,-2.58
ets Jun  8 2016 00:22:57

rst:0x1 (POWERON_RESET),boot:0x13 (SPI_FAST_FLASH_BOOT)
flash read err, 1000
ets_main.c 371 
ets Jun  8 2016 00:22:57

rst:0x10 (RTCWDT_RTC_RESET),boot:0x13 (SPI_FAST_FLASH_BOOT)
configsip: 0, SPIWP:0xee
clk_drv:0x00,q_drv:0x00,d_drv:0x00,cs0_drv:0x00,hd_drv:0x00,wp_drv:0x00
mode:DIO, clock div:1
load:0x3fff0018,len:4
load:0x3fff001c,len:1216
ho 0 tail 12 room 4
load:0x40078000,len:10944
load:0x40080400,len:6388
entry 0x400806b4










-,-,-
-2.25,-9.69,-1.52
-2.20,-9.60,-1.56
-2.08,-9.57,-1.69
-1.99,-9.48,-1.68
-1.74,-9.62,-1.47
-1.61,-9.62,-1.36
-1.17,-9.73,-1.22
0.85,-10.26,-0.72
4.20,-9.83,-0.01
7.52,-8.97,-0.76
4.50,-6.92,-1.43
-2.64,-7.93,-2.18
-10.18,-10.60,-0.83
-11.94,-10.79,-2.15
-12.16,-10.61,-0.95
-10.85,-8.91,-0.17
-9.50,-8.44,-1.06
-10.56,-7.39,1.08
-7.83,-9.49,-0.02
-3.02,-10.31,-1.56
2.94,-10.12,-0.77
3.65,-11.10,-1.78
4.05,-10.89,-1.87
3.99,-9.89,-1.33
2.92,-8.88,-0.46
2.93,-9.21,0.51
1.73,-9.57,-0.20
-0.75,-10.16,-1.73
-5.73,-9.90,-1.62
-10.13,-10.07,-3.68
-12.56,-10.08,-3.69
-12.71,-9.76,-3.33
-11.80,-8.09,-1.21
-9.87,-8.54,-2.61
-7.86,-7.16,-0.79
-7.67,-8.61,-1.07
-4.55,-8.65,-1.33
0.97,-9.21,-1.34
4.00,-12.45,-4.53
2.97,-11.04,-2.89
0.50,-10.57,-3.85
-1.62,-8.49,-2.46
-2.23,-7.86,-1.95
-3.28,-8.96,-2.77
-3.32,-8.92,-2.80
-3.56,-9.19,-2.78
-3.73,-9.29,-2.93
-3.60,-8.77,-2.56
-3.90,-9.17,-2.84
-3.86,-9.26,-2.59
-3.59,-8.97,-2.56
-3.66,-8.83,-2.54
-3.49,-8.48,-2.25
-3.79,-8.92,-2.17
ets Jun  8 2016 00:22:57

rst:0x1 (POWERON_RESET),boot:0x13 (SPI_FAST_FLASH_BOOT)
flash read err, 1000
ets_main.c 371 
ets Jun  8 2016 00:22:57

rst:0x10 (RTCWDT_RTC_RESET),boot:0x13 (SPI_FAST_FLASH_BOOT)
configsip: 0, SPIWP:0xee
clk_drv:0x00,q_drv:0x00,d_drv:0x00,cs0_drv:0x00,hd_drv:0x00,wp_drv:0x00
mode:DIO, clock div:1
load:0x3fff0018,len:4
load:0x3fff001c,len:1216
ho 0 tail 12 room 4
load:0x40078000,len:10944
load:0x40080400,len:6388
entry 0x400806b4










-,-,-
-2.75,-9.58,-1.99
-2.59,-9.37,-1.99
-2.67,-9.34,-2.12
-2.65,-9.26,-2.00
-2.62,-9.28,-2.04
-2.66,-9.15,-2.08
-2.36,-9.08,-2.13
-2.51,-10.13,-1.53
-0.79,-10.45,-1.01
2.84,-10.40,-0.44
5.98,-10.28,-0.71
5.67,-9.95,-1.59
0.51,-8.20,-1.15
-6.95,-7.22,1.54
-10.65,-8.06,-0.01
-12.93,-7.62,0.62
-13.59,-7.13,-0.00
-12.74,-8.24,-0.36
-11.88,-7.24,0.16
-10.68,-7.31,1.73
-6.78,-10.00,-0.70
-1.02,-9.39,0.04
2.94,-11.59,-1.86
4.59,-10.46,-0.41
3.52,-12.29,-0.52
3.02,-10.57,0.13
3.16,-9.52,0.41
3.17,-9.98,-0.14
0.06,-9.81,0.84
-4.90,-9.17,-1.26
-9.58,-8.11,-1.11
-13.27,-7.61,-2.46
-13.95,-8.15,-1.70
-12.39,-6.92,-0.41
-11.82,-8.03,0.38
-10.56,-7.42,0.92
-9.10,-7.21,1.02
-4.50,-7.71,1.47
0.91,-13.39,-3.84
4.30,-10.69,-2.43
2.70,-11.78,-3.68
0.21,-9.47,-2.50
-1.85,-8.26,-1.19
-1.98,-8.42,-1.91
-2.77,-8.48,-1.98
-3.09,-8.69,-1.88
-3.47,-9.19,-2.35
-3.45,-9.16,-2.28
-3.66,-9.19,-2.39
-3.63,-9.45,-2.37
-3.65,-9.28,-2.06
-3.55,-9.12,-2.02
-3.40,-8.94,-1.92
-3.52,-8.72,-1.96
-3.75,-9.15,-1.93
-3.56,-8.89,-2.07
-3.54,-8.68,-1.79
-3.46,-9.12,-2.05
-3.66,-9.42,-2.03
ets Jun  8 2016 00:22:57

rst:0x1 (POWERON_RESET),boot:0x13 (SPI_FAST_FLASH_BOOT)
flash read err, 1000
ets_main.c 371 
ets Jun  8 2016 00:22:57

rst:0x10 (RTCWDT_RTC_RESET),boot:0x13 (SPI_FAST_FLASH_BOOT)
configsip: 0, SPIWP:0xee
clk_drv:0x00,q_drv:0x00,d_drv:0x00,cs0_drv:0x00,hd_drv:0x00,wp_drv:0x00
mode:DIO, clock div:1
load:0x3fff0018,len:4
load:0x3fff001c,len:1216
ho 0 tail 12 room 4
load:0x40078000,len:10944
load:0x40080400,len:6388
entry 0x400806b4










-,-,-
-2.89,-9.43,-2.20
-2.84,-9.28,-2.35
-2.70,-9.22,-2.48
-2.72,-9.26,-2.38
-2.67,-9.22,-2.33
-2.86,-9.31,-2.18
-2.77,-9.53,-2.19
-2.73,-9.46,-2.22
-2.78,-9.27,-2.06
-2.92,-9.24,-2.06
-2.82,-9.27,-2.13
-2.74,-9.21,-2.27
-2.76,-9.23,-2.28
-2.78,-9.24,-2.24
-2.78,-9.22,-2.18
-2.71,-9.39,-2.06
-2.09,-9.58,-2.01
-0.15,-9.46,-1.32
3.80,-10.01,-0.78
5.87,-9.91,-0.24
4.50,-9.79,-0.92
-0.65,-7.78,-1.01
-9.19,-9.55,-3.00
-13.84,-8.49,-1.34
-15.11,-7.45,-1.62
-13.76,-5.90,-0.39
-12.01,-7.30,-1.44
-12.38,-6.36,0.45
-11.65,-7.46,0.18
-7.84,-9.24,-0.58
-0.81,-10.69,-0.97
4.23,-11.44,-0.92
5.69,-13.47,-3.14
4.51,-10.34,-0.93
4.22,-8.29,0.85
3.79,-8.77,1.22
2.38,-8.69,1.59
-1.23,-11.88,-0.58
-6.54,-10.06,-1.89
-11.16,-9.42,-3.90
-12.25,-7.16,-4.63
-14.91,-6.54,-2.56
-13.87,-5.82,-0.50
-13.06,-6.35,-0.11
-12.41,-6.52,1.14
-11.69,-4.77,2.63
-9.66,-10.40,-0.07
1.20,-8.97,-0.53
4.85,-14.52,-7.60
3.89,-11.31,-3.61
-0.34,-9.59,-3.14
-2.17,-7.56,-1.09
-2.86,-7.77,-1.31
-3.47,-8.48,-2.02
-3.45,-8.88,-2.57
-3.95,-8.40,-2.47
-4.00,-8.89,-2.78
-4.50,-8.96,-2.58
-4.48,-8.71,-2.51
-4.28,-8.75,-2.69
-4.17,-8.78,-2.86
-4.22,-8.61,-2.56
-4.02,-8.57,-2.61
-4.23,-8.51,-2.44
-4.36,-8.59,-2.37
-4.13,-8.56,-2.50
-4.02,-8.58,-2.60
-4.15,-8.62,-2.60
-4.11,-8.68,-2.51
-4.26,-8.70,-2.40
-4.31,-8.67,-2.44
-4.47,-8.42,-2.54
-4.42,-8.89,-2.60
ets Jun  8 2016 00:22:57

rst:0x1 (POWERON_RESET),boot:0x13 (SPI_FAST_FLASH_BOOT)
flash read err, 1000
ets_main.c 371 
ets Jun  8 2016 00:22:57

rst:0x10 (RTCWDT_RTC_RESET),boot:0x13 (SPI_FAST_FLASH_BOOT)
configsip: 0, SPIWP:0xee
clk_drv:0x00,q_drv:0x00,d_drv:0x00,cs0_drv:0x00,hd_drv:0x00,wp_drv:0x00
mode:DIO, clock div:1
load:0x3fff0018,len:4
load:0x3fff001c,len:1216
ho 0 tail 12 room 4
load:0x40078000,len:10944
load:0x40080400,len:6388
entry 0x400806b4










-,-,-
-2.50,-9.48,-1.52
-2.53,-9.39,-1.49
-2.57,-9.39,-1.58
-2.59,-9.46,-1.57
-2.63,-9.54,-1.46
-2.71,-9.53,-1.48
-2.61,-9.45,-1.43
-2.53,-9.33,-1.46
-2.27,-9.46,-1.27
-0.66,-9.83,-0.96
3.24,-9.93,-0.02
6.01,-9.47,-0.63
5.19,-9.90,-0.72
2.02,-7.70,-1.08
-6.28,-8.17,-1.10
-11.27,-8.99,-1.76
-18.22,-8.52,0.80
-18.32,-6.88,0.92
-12.02,-6.08,-1.24
-10.92,-5.96,-0.30
-9.92,-8.28,0.34
-4.73,-10.42,-0.36
1.34,-11.05,-0.71
5.45,-10.98,-1.58
4.87,-11.17,-1.75
3.79,-10.51,-0.24
3.56,-9.24,0.17
3.18,-9.29,0.54
0.80,-11.56,-1.22
-3.79,-9.87,-0.47
-9.43,-8.62,-2.93
-12.72,-7.45,-3.50
-14.91,-7.53,-3.54
-15.37,-6.51,-0.36
-13.31,-7.43,0.15
-11.61,-6.76,0.85
-9.49,-8.03,0.18
-4.82,-9.32,0.06
0.33,-10.13,-2.86
2.07,-11.01,-2.30
2.15,-11.22,-3.63
-0.34,-10.22,-3.14
-1.49,-8.54,-1.64
-2.43,-8.10,-2.11
-3.40,-7.74,-1.60
-4.27,-8.30,-1.76
-4.29,-8.69,-2.40
-4.21,-8.48,-2.33
-4.17,-8.81,-2.76
-4.48,-9.11,-2.31
-4.24,-9.02,-2.53
-4.29,-8.74,-2.35
-3.88,-8.82,-2.27
-4.36,-8.73,-2.10
-4.22,-8.72,-2.08
-4.22,-8.80,-2.23
-4.10,-8.75,-2.21
-4.13,-8.72,-2.25
-4.07,-8.77,-2.32
-4.07,-8.85,-2.36
-4.19,-8.86,-2.21
-4.18,-8.79,-2.32
-4.14,-8.81,-2.29
-4.22,-8.72,-2.30
-4.21,-8.89,-2.31
-4.08,-8.76,-2.48
-4.03,-8.44,-2.37
-4.28,-8.52,-2.31
-4.28,-8.71,-2.15
-4.05,-8.85,-1.95

