










-,-,-
1.43,-9.20,-6.07
5.52,-5.66,-8.40
10.60,-4.38,-11.55
11.52,-5.19,-11.22
2.98,-12.77,-5.49
-5.06,-13.58,2.65
-10.52,-16.28,5.17
-5.39,-12.38,2.03
-6.11,-12.44,-0.50
-4.50,-10.04,-1.81
-3.44,-11.17,-2.77
-2.01,-10.24,-2.65
-1.05,-9.59,-1.81
-0.61,-10.02,0.65
-0.65,-10.51,2.25
0.17,-11.08,1.68
0.44,-10.84,-1.88
1.43,-10.05,-6.92
3.79,-11.53,-12.95
3.35,-9.81,-12.55
1.30,-7.62,-9.50
-0.44,-8.15,-6.96
-0.77,-7.68,-5.34
-1.01,-9.03,-5.28
-0.93,-8.45,-4.55
-0.94,-9.19,-4.43
-0.77,-9.03,-4.35
-1.04,-9.34,-4.12
-1.45,-9.19,-4.24
-1.40,-8.84,-4.23
-1.28,-9.23,-4.54
-1.40,-9.13,-4.36
-1.54,-8.99,-4.10
-1.60,-9.08,-4.24
-1.78,-8.94,-3.93
-1.99,-9.36,-3.77
-1.85,-9.15,-3.89
-2.04,-9.25,-4.03
ets Jun  8 2016 00:22:57

rst:0x1 (POWERON_RESET),boot:0x13 (SPI_FAST_FLASH_BOOT)
flash read err, 1000
ets_main.c 371 
ets Jun  8 2016 00:22:57

rst:0x10 (RTCWDT_RTC_RESET),boot:0x13 (SPI_FAST_FLASH_BOOT)
configsip: 0, SPIWP:0xee
clk_drv:0x00,q_drv:0x00,d_drv:0x00,cs0_drv:0x00,hd_drv:0x00,wp_drv:0x00
mode:DIO, clock div:1
load:0x3fff0018,len:4
load:0x3fff001c,len:1216
ho 0 tail 12 room 4
load:0x40078000,len:10944
load:0x40080400,len:6388
entry 0x400806b4










-,-,-
-1.96,-9.03,-4.16
-1.94,-9.03,-4.02
-2.05,-8.92,-3.89
-2.21,-9.21,-3.91
-2.21,-9.03,-3.82
-1.91,-9.17,-4.12
-2.03,-9.03,-4.10
-2.13,-9.00,-3.96
-2.22,-9.05,-3.89
-1.69,-8.98,-4.21
-0.90,-9.03,-4.71
1.84,-8.07,-7.36
6.23,-3.33,-8.84
9.14,-8.72,-11.10
6.17,-7.84,-7.22
-0.82,-13.50,-4.11
-6.72,-13.58,1.25
-8.75,-14.32,1.58
-3.31,-9.19,-1.65
-3.23,-9.78,-3.25
-4.31,-10.69,-2.73
-2.99,-10.53,-2.80
-1.47,-9.84,-2.53
-0.24,-9.50,-1.54
0.12,-9.59,-0.62
0.23,-9.71,-0.63
-0.07,-9.75,-1.16
-0.62,-9.51,-3.51
0.64,-9.33,-8.38
1.91,-10.52,-11.40
1.52,-9.32,-10.55
0.93,-8.34,-8.45
0.48,-8.24,-6.93
-0.14,-8.63,-5.48
-0.71,-9.16,-4.78
-0.57,-9.01,-4.36
-0.90,-9.07,-4.24
-0.91,-8.83,-3.87
-0.92,-9.29,-4.08
-0.96,-9.13,-4.00
-1.16,-9.34,-4.10
-1.19,-9.21,-3.94
-1.20,-9.29,-4.18
-1.35,-9.28,-3.97
-1.09,-9.07,-3.97
-1.13,-9.15,-3.96
-0.99,-9.55,-3.95
-1.32,-9.63,-4.21
-1.07,-9.20,-4.20
-1.04,-9.35,-4.45
ets Jun  8 2016 00:22:57

rst:0x1 (POWERON_RESET),boot:0x13 (SPI_FAST_FLASH_BOOT)
flash read err, 1000
ets_main.c 371 
ets Jun  8 2016 00:22:57

rst:0x10 (RTCWDT_RTC_RESET),boot:0x13 (SPI_FAST_FLASH_BOOT)
configsip: 0, SPIWP:0xee
clk_drv:0x00,q_drv:0x00,d_drv:0x00,cs0_drv:0x00,hd_drv:0x00,wp_drv:0x00
mode:DIO, clock div:1
load:0x3fff0018,len:4
load:0x3fff001c,len:1216
ho 0 tail 12 room 4
load:0x40078000,len:10944
load:0x40080400,len:6388
entry 0x400806b4










-,-,-
-2.05,-8.98,-4.43
-2.12,-9.20,-4.75
-3.51,-8.42,-5.30
-7.11,-9.91,-5.26
-9.79,-11.51,-4.43
-8.49,-9.13,-3.38
-4.03,-8.80,-4.61
-0.49,-7.00,-3.49
1.53,-8.97,-4.91
2.05,-8.00,-3.09
1.86,-9.29,-3.88
1.29,-8.38,-2.57
0.27,-9.66,-3.75
-1.15,-9.11,-2.80
-1.52,-9.44,-2.80
-1.66,-9.91,-3.37
-1.74,-9.02,-3.29
-2.22,-9.36,-3.36
-1.90,-9.36,-3.60
-0.31,-8.59,-4.53
2.11,-8.90,-5.40
4.83,-7.18,-7.30
10.15,-5.74,-10.44
8.47,-8.14,-9.36
0.68,-13.41,-3.05
-7.39,-13.99,3.25
-9.13,-14.66,5.62
-6.84,-12.45,2.98
-1.89,-11.08,-5.10
-2.06,-11.20,-4.12
-1.95,-10.29,-2.98
-1.56,-9.59,-1.18
-0.57,-9.54,-0.48
0.09,-10.00,0.25
-0.26,-10.53,1.78
-0.70,-10.41,1.14
0.26,-9.69,-1.65
3.73,-10.88,-9.81
3.48,-10.18,-11.84
1.21,-9.51,-10.36
-0.24,-8.42,-7.39
-0.59,-9.00,-5.57
-0.64,-9.34,-4.80
-0.56,-9.73,-4.20
-0.79,-9.63,-3.58
-0.87,-9.31,-3.26
-0.64,-9.35,-3.44
-0.50,-9.49,-3.61
-0.78,-9.38,-3.62
-0.86,-9.42,-3.18
-1.13,-9.50,-3.18
-0.86,-9.41,-3.18
-0.92,-9.44,-3.25
-1.01,-9.69,-3.32
-1.01,-9.50,-3.34
-0.85,-9.56,-3.55
-0.88,-9.60,-3.73
ets Jun  8 2016 00:22:57

rst:0x1 (POWERON_RESET),boot:0x13 (SPI_FAST_FLASH_BOOT)
flash read err, 1000
ets_main.c 371 
ets Jun  8 2016 00:22:57

rst:0x10 (RTCWDT_RTC_RESET),boot:0x13 (SPI_FAST_FLASH_BOOT)
configsip: 0, SPIWP:0xee
clk_drv:0x00,q_drv:0x00,d_drv:0x00,cs0_drv:0x00,hd_drv:0x00,wp_drv:0x00
mode:DIO, clock div:1
load:0x3fff0018,len:4
load:0x3fff001c,len:1216
ho 0 tail 12 room 4
load:0x40078000,len:10944
load:0x40080400,len:6388
entry 0x400806b4










-,-,-
-2.34,-9.09,-3.81
-1.73,-9.08,-4.10
-0.32,-9.10,-4.96
2.48,-6.75,-7.09
7.19,-5.09,-11.95
7.13,-6.24,-10.04
2.69,-10.76,-5.53
-1.60,-12.81,0.07
-5.20,-13.74,3.14
-4.79,-12.77,2.57
-4.11,-11.03,0.52
-3.47,-10.12,-1.81
-3.09,-10.43,-2.13
-2.17,-10.61,-3.36
-0.72,-9.15,-3.52
-0.54,-8.88,-3.11
-0.59,-9.33,-1.62
-0.42,-9.72,0.49
-0.89,-9.66,2.50
-0.78,-10.12,1.69
0.31,-10.51,-2.25
2.68,-12.13,-10.08
3.16,-9.01,-11.69
0.73,-8.05,-10.31
-1.34,-8.23,-7.15
-1.13,-9.03,-6.36
-0.38,-8.49,-5.71
-0.34,-9.10,-5.10
-0.95,-9.27,-4.39
-1.36,-9.20,-3.88
-0.73,-9.12,-4.12
-0.43,-8.78,-4.11
-0.45,-8.82,-4.07
-0.77,-8.95,-3.85
-1.26,-9.23,-3.92
ets Jun  8 2016 00:22:57

rst:0x1 (POWERON_RESET),boot:0x13 (SPI_FAST_FLASH_BOOT)
flash read err, 1000
ets_main.c 371 
ets Jun  8 2016 00:22:57

rst:0x10 (RTCWDT_RTC_RESET),boot:0x13 (SPI_FAST_FLASH_BOOT)
configsip: 0, SPIWP:0xee
clk_drv:0x00,q_drv:0x00,d_drv:0x00,cs0_drv:0x00,hd_drv:0x00,wp_drv:0x00
mode:DIO, clock div:1
load:0x3fff0018,len:4
load:0x3fff001c,len:1216
ho 0 tail 12 room 4
load:0x40078000,len:10944
load:0x40080400,len:6388
entry 0x400806b4










-,-,-
-2.15,-9.83,-3.23
-2.03,-9.62,-3.18
-1.96,-9.21,-3.01
-1.66,-9.10,-3.26
-0.62,-8.73,-4.25
2.94,-7.51,-7.15
7.34,-5.06,-10.61
8.04,-7.61,-10.18
1.83,-10.82,-4.70
-3.47,-13.52,-0.51
-5.88,-12.91,2.54
-3.72,-12.63,0.79
-1.58,-9.95,0.63
-3.53,-10.94,-0.27
-3.86,-11.67,-1.46
-1.79,-10.27,-2.86
-0.57,-9.94,-3.28
-0.04,-9.19,-2.60
0.02,-9.65,-1.14
0.04,-9.79,0.39
-0.20,-9.65,1.92
0.07,-9.89,0.78
0.21,-9.09,-3.18
1.85,-10.27,-8.83
1.86,-11.17,-13.21
0.76,-8.33,-10.70
-0.81,-7.91,-7.11
-0.83,-8.37,-4.46
-0.88,-9.11,-4.12
-0.70,-9.63,-3.93
-0.36,-9.54,-4.21
-0.99,-9.39,-3.74
-0.96,-9.16,-3.76
-1.00,-9.42,-4.02
-0.96,-9.06,-3.92
-0.88,-9.17,-3.93
-1.11,-9.31,-3.89
-0.95,-9.32,-3.71
ets Jun  8 2016 00:22:57

rst:0x1 (POWERON_RESET),boot:0x13 (SPI_FAST_FLASH_BOOT)
flash read err, 1000
ets_main.c 371 
ets Jun  8 2016 00:22:57

rst:0x10 (RTCWDT_RTC_RESET),boot:0x13 (SPI_FAST_FLASH_BOOT)
configsip: 0, SPIWP:0xee
clk_drv:0x00,q_drv:0x00,d_drv:0x00,cs0_drv:0x00,hd_drv:0x00,wp_drv:0x00
mode:DIO, clock div:1
load:0x3fff0018,len:4
load:0x3fff001c,len:1216
ho 0 tail 12 room 4
load:0x40078000,len:10944
load:0x40080400,len:6388
entry 0x400806b4










-,-,-
-2.01,-9.14,-3.75
-2.00,-8.86,-3.63
-1.75,-9.07,-3.80
-0.78,-9.01,-4.51
2.36,-7.81,-7.40
6.55,-4.90,-10.82
7.83,-6.48,-10.50
0.91,-10.30,-3.92
-4.47,-13.80,0.03
-3.54,-11.69,-0.64
-3.74,-10.95,-0.37
-2.27,-11.34,-1.61
-3.06,-10.69,0.10
-2.24,-11.67,-2.67
-1.16,-10.15,-3.56
-0.21,-8.96,-4.26
-0.17,-8.49,-4.00
0.18,-8.89,-3.66
-0.12,-10.12,-1.94
-0.30,-10.35,-0.19
0.19,-10.47,0.85
-0.16,-10.65,0.47
-0.20,-10.03,-1.03
1.50,-9.76,-7.00
3.69,-8.94,-12.07
1.84,-8.54,-11.39
0.21,-7.86,-7.78
-0.33,-8.93,-6.97
-0.48,-8.99,-5.50
-0.34,-8.92,-4.92
-0.56,-9.31,-4.56
-0.57,-9.05,-4.27
-0.55,-9.05,-4.40
-0.62,-8.93,-4.33
-0.48,-8.93,-4.42
-0.70,-9.22,-4.13
-0.91,-9.19,-3.92
-0.94,-9.48,-4.07
ets Jun  8 2016 00:22:57

rst:0x1 (POWERON_RESET),boot:0x13 (SPI_FAST_FLASH_BOOT)
flash read err, 1000
ets_main.c 371 
ets Jun  8 2016 00:22:57

rst:0x10 (RTCWDT_RTC_RESET),boot:0x13 (SPI_FAST_FLASH_BOOT)
configsip: 0, SPIWP:0xee
clk_drv:0x00,q_drv:0x00,d_drv:0x00,cs0_drv:0x00,hd_drv:0x00,wp_drv:0x00
mode:DIO, clock div:1
load:0x3fff0018,len:4
load:0x3fff001c,len:1216
ho 0 tail 12 room 4
load:0x40078000,len:10944
load:0x40080400,len:6388
entry 0x400806b4










-,-,-
-1.55,-9.00,-3.38
-1.03,-9.20,-3.91
0.96,-8.12,-6.18
7.23,-2.97,-10.62
9.38,-7.25,-11.77
2.57,-11.55,-4.90
-1.74,-12.46,-1.05
-4.74,-13.42,0.90
-3.58,-11.31,0.67
-3.78,-12.79,-1.41
-3.00,-11.04,-2.60
-1.10,-10.93,-4.20
-0.59,-9.46,-4.20
-0.22,-9.56,-4.17
-0.21,-9.01,-3.85
-0.01,-8.88,-3.08
0.47,-9.55,-2.39
0.23,-9.32,-0.71
0.16,-10.06,0.11
-0.04,-10.97,-0.54
-0.63,-10.01,-1.25
-0.14,-10.59,-4.82
1.96,-10.46,-8.95
1.87,-10.64,-10.82
-0.65,-9.69,-8.02
-1.38,-8.81,-5.32
-1.49,-9.11,-4.03
-0.93,-9.68,-3.80
-0.75,-9.77,-3.24
-0.86,-9.78,-2.54
-1.04,-9.58,-2.35
-1.02,-9.56,-2.32
-1.29,-9.63,-2.61
-0.94,-9.35,-2.87
-0.98,-9.62,-2.88
ets Jun  8 2016 00:22:57

rst:0x1 (POWERON_RESET),boot:0x13 (SPI_FAST_FLASH_BOOT)
flash read err, 1000
ets_main.c 371 
ets Jun  8 2016 00:22:57

rst:0x10 (RTCWDT_RTC_RESET),boot:0x13 (SPI_FAST_FLASH_BOOT)
configsip: 0, SPIWP:0xee
clk_drv:0x00,q_drv:0x00,d_drv:0x00,cs0_drv:0x00,hd_drv:0x00,wp_drv:0x00
mode:DIO, clock div:1
load:0x3fff0018,len:4
load:0x3fff001c,len:1216
ho 0 tail 12 room 4
load:0x40078000,len:10944
load:0x40080400,len:6388
entry 0x400806b4










-,-,-
-1.92,-9.69,-3.63
-1.87,-9.24,-3.69
-1.38,-8.93,-3.99
-0.58,-8.52,-4.89
1.33,-7.68,-6.47
5.42,-4.09,-9.09
7.53,-6.52,-10.41
4.47,-9.45,-6.71
2.94,-11.05,-4.20
-2.39,-12.66,-0.07
-4.07,-13.45,0.78
-5.04,-13.70,1.30
-3.89,-12.43,-0.90
-2.51,-11.44,-0.94
-2.07,-10.05,-1.53
-1.30,-10.40,-2.49
-0.39,-9.19,-2.62
0.57,-9.31,-2.18
0.31,-8.62,-0.74
-0.06,-9.20,0.49
-0.25,-10.29,-0.07
-0.53,-10.42,-0.58
-0.30,-10.39,-1.88
1.16,-10.76,-5.29
2.39,-9.82,-7.26
1.65,-9.65,-8.91
0.24,-8.47,-7.29
-0.48,-8.84,-6.62
-0.84,-9.84,-5.59
-1.04,-10.02,-4.54
-0.93,-10.13,-3.80
-0.72,-9.63,-3.42
-0.60,-9.28,-3.19
-0.38,-8.98,-3.14
-0.60,-9.15,-3.27
-0.74,-9.13,-3.18
-0.80,-9.26,-3.24
-1.01,-9.59,-3.24
-0.97,-9.78,-3.27
ets Jun  8 2016 00:22:57

rst:0x1 (POWERON_RESET),boot:0x13 (SPI_FAST_FLASH_BOOT)
flash read err, 1000
ets_main.c 371 
ets Jun  8 2016 00:22:57

rst:0x10 (RTCWDT_RTC_RESET),boot:0x13 (SPI_FAST_FLASH_BOOT)
configsip: 0, SPIWP:0xee
clk_drv:0x00,q_drv:0x00,d_drv:0x00,cs0_drv:0x00,hd_drv:0x00,wp_drv:0x00
mode:DIO, clock div:1
load:0x3fff0018,len:4
load:0x3fff001c,len:1216
ho 0 tail 12 room 4
load:0x40078000,len:10944
load:0x40080400,len:6388
entry 0x400806b4










-,-,-
-1.68,-9.47,-4.07
-0.74,-8.89,-4.67
1.05,-7.36,-5.78
3.14,-6.30,-8.53
5.32,-5.80,-9.78
5.64,-8.11,-9.00
4.49,-9.84,-5.08
-0.28,-13.08,-1.64
-1.58,-14.16,-0.33
-1.85,-13.34,-0.30
-1.63,-13.07,-1.14
-1.98,-12.28,-1.35
-1.24,-10.73,-2.36
-0.34,-10.01,-3.27
0.47,-9.29,-2.95
1.44,-9.43,-2.81
1.29,-8.74,-1.30
0.96,-9.90,-0.83
0.84,-9.30,0.35
0.28,-10.58,-0.59
1.48,-9.65,-1.38
3.05,-9.94,-6.09
4.88,-9.50,-10.38
3.93,-8.80,-11.00
1.86,-9.16,-8.80
0.39,-9.18,-6.67
0.27,-9.36,-5.79
0.33,-9.38,-4.92
0.69,-9.19,-4.63
0.63,-9.45,-4.01
0.32,-9.26,-3.64
0.44,-9.40,-3.59
0.20,-9.35,-3.48
0.05,-9.23,-3.45
0.02,-9.51,-3.52
-0.26,-9.39,-3.41
-0.04,-9.45,-3.56
-0.19,-9.58,-3.60
ets Jun  8 2016 00:22:57

rst:0x1 (POWERON_RESET),boot:0x13 (SPI_FAST_FLASH_BOOT)
flash read err, 1000
ets_main.c 371 
ets Jun  8 2016 00:22:57

rst:0x10 (RTCWDT_RTC_RESET),boot:0x13 (SPI_FAST_FLASH_BOOT)
configsip: 0, SPIWP:0xee
clk_drv:0x00,q_drv:0x00,d_drv:0x00,cs0_drv:0x00,hd_drv:0x00,wp_drv:0x00
mode:DIO, clock div:1
load:0x3fff0018,len:4
load:0x3fff001c,len:1216
ho 0 tail 12 room 4
load:0x40078000,len:10944
load:0x40080400,len:6388
entry 0x400806b4










-,-,-
-1.55,-9.75,-4.09
-0.90,-9.59,-4.27
0.73,-8.08,-5.81
4.30,-5.71,-7.68
6.23,-3.84,-10.15
7.09,-7.24,-10.15
3.28,-9.02,-5.51
-1.78,-14.55,-2.35
-2.92,-12.87,-0.54
-3.06,-13.94,-1.03
-0.69,-9.69,-1.31
-0.70,-10.68,-3.12
-1.29,-10.97,-3.10
-0.87,-10.39,-3.26
0.06,-9.98,-4.16
0.86,-8.95,-3.54
1.17,-9.71,-2.81
0.45,-9.96,-1.46
0.92,-11.58,-1.12
1.32,-11.72,-2.09
2.25,-9.50,-3.89
1.86,-8.04,-6.47
1.43,-6.86,-7.70
1.77,-6.68,-8.70
1.74,-8.23,-9.03
1.33,-8.72,-8.32
0.73,-9.03,-7.23
0.52,-8.70,-6.34
0.06,-8.85,-5.50
0.01,-9.08,-5.21
-0.06,-9.15,-5.06
0.17,-8.88,-4.84
-0.11,-9.10,-4.63
-0.10,-8.87,-4.67
-0.07,-9.00,-4.53
-0.44,-8.82,-4.37
-0.28,-9.14,-4.30
-0.33,-9.30,-4.56
ets Jun  8 2016 00:22:57

rst:0x1 (POWERON_RESET),boot:0x13 (SPI_FAST_FLASH_BOOT)
flash read err, 1000
ets_main.c 371 
ets Jun  8 2016 00:22:57

rst:0x10 (RTCWDT_RTC_RESET),boot:0x13 (SPI_FAST_FLASH_BOOT)
configsip: 0, SPIWP:0xee
clk_drv:0x00,q_drv:0x00,d_drv:0x00,cs0_drv:0x00,hd_drv:0x00,wp_drv:0x00
mode:DIO, clock div:1
load:0x3fff0018,len:4
load:0x3fff001c,len:1216
ho 0 tail 12 room 4
load:0x40078000,len:10944
load:0x40080400,len:6388
entry 0x400806b4










-,-,-
-1.35,-10.20,-3.97
-1.14,-9.29,-3.81
-0.92,-8.60,-3.78
-0.44,-8.38,-4.02
1.17,-8.11,-5.55
4.61,-5.78,-8.61
9.90,-3.66,-10.92
5.66,-12.45,-7.65
-0.28,-11.80,-1.86
-3.65,-12.63,-0.50
-2.82,-10.95,-0.40
-2.38,-12.52,-1.17
-0.97,-10.82,-2.01
-1.62,-12.07,-2.40
-1.07,-10.47,-2.88
-0.56,-9.88,-3.52
0.07,-9.00,-3.75
0.66,-8.70,-3.99
0.99,-9.00,-3.43
0.79,-9.25,-1.87
0.73,-9.65,-1.20
0.58,-10.30,-1.10
1.12,-9.89,-1.58
1.53,-9.78,-2.92
2.36,-9.79,-4.62
2.90,-9.37,-6.12
2.67,-9.48,-8.05
2.64,-8.40,-8.56
1.62,-9.28,-8.58
1.24,-8.91,-7.29
0.69,-9.24,-6.35
0.73,-9.16,-5.58
0.98,-9.22,-4.95
0.86,-9.04,-4.29
0.70,-9.21,-3.74
0.57,-9.11,-3.51
0.51,-9.37,-3.18
0.40,-9.63,-3.20
0.35,-9.60,-3.21
0.44,-9.53,-3.40
0.23,-9.57,-3.29
0.32,-9.39,-3.31
0.30,-9.76,-3.56
0.04,-9.43,-3.36
ets Jun  8 2016 00:22:57

rst:0x1 (POWERON_RESET),boot:0x13 (SPI_FAST_FLASH_BOOT)
flash read err, 1000
ets_main.c 371 
ets Jun  8 2016 00:22:57

rst:0x10 (RTCWDT_RTC_RESET),boot:0x13 (SPI_FAST_FLASH_BOOT)
configsip: 0, SPIWP:0xee
clk_drv:0x00,q_drv:0x00,d_drv:0x00,cs0_drv:0x00,hd_drv:0x00,wp_drv:0x00
mode:DIO, clock div:1
load:0x3fff0018,len:4
load:0x3fff001c,len:1216
ho 0 tail 12 room 4
load:0x40078000,len:10944
load:0x40080400,len:6388
entry 0x400806b4










-,-,-
-0.77,-9.61,-3.94
-0.75,-9.46,-3.75
-0.76,-9.23,-3.65
-0.78,-9.31,-3.67
-0.70,-9.17,-3.55
-0.66,-9.11,-3.65
-0.51,-9.32,-3.89
-0.03,-9.17,-4.44
0.95,-7.99,-5.82
3.49,-6.60,-7.56
5.43,-5.68,-9.33
6.56,-7.38,-8.92
4.30,-8.36,-6.14
3.25,-11.32,-5.65
-0.58,-12.58,-1.86
-1.96,-14.43,-0.99
-1.41,-11.07,0.79
-1.82,-12.18,-0.21
-1.72,-11.39,-1.24
-1.26,-10.71,-2.09
-0.18,-10.57,-3.22
0.43,-9.75,-3.07
1.41,-9.68,-2.97
1.38,-9.32,-1.82
1.43,-9.69,-1.31
1.43,-9.92,-0.99
1.40,-9.67,-1.58
1.41,-9.84,-3.40
2.12,-8.71,-4.28
2.84,-9.52,-7.78
2.42,-9.31,-8.61
1.81,-8.68,-8.32
1.17,-8.93,-7.78
0.36,-9.07,-6.32
0.14,-9.21,-5.53
0.17,-9.35,-4.69
0.11,-9.30,-4.18
0.16,-9.62,-4.16
0.33,-9.28,-3.90
0.27,-9.06,-3.74
0.12,-9.26,-3.68
-0.00,-9.45,-3.64
-0.08,-9.44,-3.67
-0.14,-9.48,-3.71
-0.04,-9.48,-3.89
-0.11,-9.38,-3.94
0.08,-9.49,-4.14
0.01,-9.33,-4.04
-0.06,-9.36,-4.12
-0.10,-9.29,-4.06
0.05,-9.10,-4.06
-0.22,-9.25,-4.13
0.08,-9.25,-3.75
-0.10,-9.64,-4.01
ets Jun  8 2016 00:22:57

rst:0x1 (POWERON_RESET),boot:0x13 (SPI_FAST_FLASH_BOOT)
flash read err, 1000
ets_main.c 371 
ets Jun  8 2016 00:22:57

rst:0x10 (RTCWDT_RTC_RESET),boot:0x13 (SPI_FAST_FLASH_BOOT)
configsip: 0, SPIWP:0xee
clk_drv:0x00,q_drv:0x00,d_drv:0x00,cs0_drv:0x00,hd_drv:0x00,wp_drv:0x00
mode:DIO, clock div:1
load:0x3fff0018,len:4
load:0x3fff001c,len:1216
ho 0 tail 12 room 4
load:0x40078000,len:10944
load:0x40080400,len:6388
entry 0x400806b4










-,-,-
-1.20,-9.46,-3.76
-1.43,-9.18,-3.51
-1.69,-9.32,-3.56
-1.74,-9.25,-3.57
-1.44,-9.30,-3.72
-1.05,-9.17,-3.88
-0.93,-8.90,-4.15
-0.14,-8.66,-4.84
2.07,-7.92,-6.59
4.04,-5.68,-8.60
6.62,-6.49,-10.53
3.21,-7.40,-6.56
1.07,-12.53,-3.76
-3.43,-13.28,0.40
-2.19,-12.88,-0.98
-2.53,-10.61,-0.31
-1.05,-10.83,-1.29
-1.78,-10.89,-0.89
-1.92,-11.53,-1.96
-0.77,-10.08,-3.10
0.31,-9.07,-3.55
0.63,-9.23,-2.90
0.31,-9.95,-1.22
0.81,-10.31,-0.45
1.09,-10.20,-0.25
1.16,-10.42,-0.98
1.60,-9.90,-2.71
2.05,-9.48,-5.18
3.01,-8.69,-8.35
1.94,-8.28,-9.67
0.88,-9.11,-9.04
-0.15,-8.84,-6.93
-0.62,-9.56,-5.64
-0.48,-9.74,-4.67
-0.33,-9.86,-4.09
0.04,-9.61,-3.73
0.55,-9.59,-3.79
0.00,-9.48,-3.36
-0.14,-9.48,-3.17
0.00,-9.40,-3.38
-0.06,-9.29,-3.31
-0.23,-9.54,-3.27
-0.16,-9.53,-3.43
-0.09,-9.63,-3.48
-0.24,-9.54,-3.39
-0.24,-9.62,-3.36
-0.28,-9.58,-3.41
-0.20,-9.47,-3.46
-0.34,-9.64,-3.45
-0.30,-9.48,-3.41
-0.39,-9.54,-3.26
-0.41,-9.60,-3.47
ets Jun  8 2016 00:22:57

rst:0x1 (POWERON_RESET),boot:0x13 (SPI_FAST_FLASH_BOOT)
flash read err, 1000
ets_main.c 371 
ets Jun  8 2016 00:22:57

rst:0x10 (RTCWDT_RTC_RESET),boot:0x13 (SPI_FAST_FLASH_BOOT)
configsip: 0, SPIWP:0xee
clk_drv:0x00,q_drv:0x00,d_drv:0x00,cs0_drv:0x00,hd_drv:0x00,wp_drv:0x00
mode:DIO, clock div:1
load:0x3fff0018,len:4
load:0x3fff001c,len:1216
ho 0 tail 12 room 4
load:0x40078000,len:10944
load:0x40080400,len:6388
entry 0x400806b4










-,-,-
-2.03,-9.40,-3.35
-2.06,-9.30,-3.19
-2.08,-9.12,-3.07
-1.98,-9.03,-3.30
-1.72,-8.75,-3.39
-1.24,-8.67,-3.98
0.92,-7.87,-6.42
4.70,-4.56,-10.02
7.23,-5.14,-11.07
5.07,-9.09,-7.00
1.44,-11.79,-2.37
-2.45,-15.74,1.44
-2.22,-13.93,1.30
-1.42,-11.73,1.06
-1.72,-11.84,-0.49
-1.77,-10.91,-1.32
-0.52,-10.11,-3.31
0.14,-9.64,-3.76
0.67,-9.13,-4.04
0.86,-9.14,-3.68
0.97,-9.43,-2.26
1.24,-10.02,-0.60
0.52,-10.91,0.77
1.30,-10.00,0.53
2.33,-9.14,-2.19
2.57,-8.52,-6.32
3.47,-8.77,-10.59
2.36,-9.14,-11.67
1.06,-8.29,-9.19
0.12,-8.58,-6.96
0.00,-8.86,-5.53
0.11,-9.20,-5.04
0.38,-9.72,-4.92
0.31,-9.14,-4.37
0.45,-8.91,-4.26
0.10,-8.74,-4.00
0.67,-8.77,-4.38
0.50,-9.39,-4.48
0.35,-9.17,-4.15
0.13,-9.47,-4.08
0.16,-9.50,-4.19
0.26,-9.31,-4.22
0.15,-9.49,-4.13
0.24,-9.38,-4.14
0.07,-9.44,-3.87
0.19,-9.05,-3.89
0.08,-9.40,-4.00
0.00,-9.35,-4.18
ets Jun  8 2016 00:22:57

rst:0x1 (POWERON_RESET),boot:0x13 (SPI_FAST_FLASH_BOOT)
flash read err, 1000
ets_main.c 371 
ets Jun  8 2016 00:22:57

rst:0x10 (RTCWDT_RTC_RESET),boot:0x13 (SPI_FAST_FLASH_BOOT)
configsip: 0, SPIWP:0xee
clk_drv:0x00,q_drv:0x00,d_drv:0x00,cs0_drv:0x00,hd_drv:0x00,wp_drv:0x00
mode:DIO, clock div:1
load:0x3fff0018,len:4
load:0x3fff001c,len:1216
ho 0 tail 12 room 4
load:0x40078000,len:10944
load:0x40080400,len:6388
entry 0x400806b4










-,-,-
-1.42,-9.31,-4.01
-1.55,-9.11,-3.81
-1.43,-8.83,-3.80
-1.31,-8.58,-3.65
-0.98,-8.24,-3.88
-0.16,-7.56,-4.69
2.01,-5.21,-6.74
6.07,-5.27,-11.10
7.41,-7.19,-11.68
3.73,-10.31,-6.36
-0.36,-13.83,-1.76
-1.44,-13.73,0.15
-1.95,-12.91,0.69
-1.76,-12.37,-0.72
-1.94,-11.85,-0.45
-1.48,-10.77,-1.12
-0.68,-10.52,-2.21
0.21,-10.20,-2.53
0.57,-10.03,-2.18
1.21,-9.90,-1.17
0.67,-9.42,0.27
1.27,-10.06,0.46
1.32,-10.00,-1.42
1.79,-9.48,-3.25
1.71,-10.29,-8.12
2.61,-8.25,-10.36
1.34,-8.32,-10.95
-0.30,-7.96,-7.54
-0.96,-8.80,-5.92
-0.17,-9.21,-5.65
-0.08,-9.21,-5.20
-0.01,-9.49,-4.59
-0.10,-9.32,-4.37
-0.09,-9.04,-4.17
-0.15,-8.97,-4.01
-0.07,-9.16,-4.19
-0.37,-9.21,-3.96
-0.39,-9.25,-4.03
-0.56,-9.61,-3.87
-0.47,-9.42,-3.90
-0.39,-9.58,-3.68
-0.37,-9.48,-3.82
-0.37,-9.24,-3.56
ets Jun  8 2016 00:22:57

rst:0x1 (POWERON_RESET),boot:0x13 (SPI_FAST_FLASH_BOOT)
configsip: 0, SPIWP:0xee
clk_drv:0x00,q_drv:0x00,d_drv:0x00,cs0_drv:0x00,hd_drv:0x00,wp_drv:0x00
mode:DIO, clock div:1
load:0x3fff0018,len:4
load:0x3fff001c,len:1216
ho 0 tail 12 room 4
load:0x40078000,len:10944
load:0x40080400,len:6388
entry 0x400806b4










-,-,-
-0.28,-8.52,-2.28
-0.84,-9.64,-2.67
-1.54,-9.44,-2.07
-1.68,-9.60,-2.16
-1.98,-9.74,-2.48
-1.84,-9.74,-2.51
-1.98,-9.96,-2.60
-1.86,-9.93,-2.40
-1.97,-9.95,-2.42
-1.98,-9.73,-2.16
-1.89,-9.70,-2.30
-1.66,-9.09,-2.42
-1.30,-8.85,-2.78
-0.77,-8.50,-3.50
0.64,-8.18,-5.19
4.29,-4.82,-8.14
8.53,-5.90,-12.33
7.98,-8.62,-8.29
0.70,-14.23,-1.05
-1.97,-13.88,1.84
-3.30,-14.34,2.36
-2.18,-11.21,-0.22
-1.34,-12.19,0.22
-1.62,-11.12,-0.59
-1.64,-11.35,-1.84
-0.41,-10.01,-2.89
0.40,-9.59,-3.46
0.45,-8.95,-3.40
0.41,-9.14,-3.39
0.68,-9.62,-2.61
0.54,-9.87,-1.04
1.31,-10.25,0.15
0.35,-10.45,1.44
-0.37,-10.60,1.35
-0.30,-10.93,0.14
0.96,-9.67,-2.28
2.04,-10.71,-6.13
2.39,-10.16,-7.38
1.04,-10.48,-7.96
-0.27,-9.57,-6.00
-0.93,-10.34,-4.84
-1.19,-10.46,-3.69
-0.91,-10.08,-2.95
-0.83,-9.71,-2.33
-0.51,-9.34,-2.03
-0.49,-9.35,-1.78
-0.82,-9.50,-1.56
-0.92,-9.88,-1.28
-0.78,-9.88,-1.64
-0.65,-9.60,-1.58
-0.96,-9.91,-1.64
ets Jun  8 2016 00:22:57

rst:0x1 (POWERON_RESET),boot:0x13 (SPI_FAST_FLASH_BOOT)
configsip: 0, SPIWP:0xee
clk_drv:0x00,q_drv:0x00,d_drv:0x00,cs0_drv:0x00,hd_drv:0x00,wp_drv:0x00
mode:DIO, clock div:1
load:0x3fff0018,len:4
load:0x3fff001c,len:1216
ho 0 tail 12 room 4
load:0x40078000,len:10944
load:0x40080400,len:6388
entry 0x400806b4










-,-,-
-1.20,-9.69,-3.23
-1.65,-9.63,-3.04
-1.67,-9.35,-2.92
-1.72,-9.09,-3.16
-1.52,-9.64,-3.34
-1.47,-9.71,-3.43
-1.47,-9.54,-3.77
-1.66,-9.94,-3.56
-2.04,-9.76,-3.05
-1.75,-9.02,-2.89
-1.73,-8.70,-3.22
-1.75,-9.06,-3.36
-1.53,-9.05,-3.54
-0.80,-8.85,-4.20
0.61,-8.51,-5.96
3.80,-6.47,-8.62
5.22,-5.73,-11.29
5.74,-5.32,-9.75
1.74,-10.56,-4.98
-2.24,-14.63,-0.29
-3.32,-13.65,0.99
-2.01,-13.31,-0.47
-1.89,-12.66,-2.10
-2.03,-10.64,-0.97
-2.04,-10.66,-2.48
-1.10,-9.95,-2.98
-0.36,-9.17,-3.40
-0.40,-9.19,-3.71
-0.21,-9.53,-3.20
0.22,-10.22,-2.32
1.00,-9.81,-1.16
1.27,-10.33,-0.49
0.70,-10.13,0.08
0.83,-10.12,-1.38
0.56,-10.17,-3.30
1.42,-9.49,-5.83
2.18,-9.75,-9.64
1.46,-8.64,-9.13
0.22,-9.29,-7.52
0.02,-9.11,-6.51
-0.28,-9.61,-5.39
-0.25,-9.55,-4.65
-0.27,-9.73,-4.23
-0.14,-9.48,-3.85
-0.16,-9.15,-3.30
-0.25,-9.12,-3.39
-0.27,-9.31,-3.18
-0.38,-9.41,-3.13
-0.30,-9.43,-3.24
-0.60,-9.69,-3.02
-0.72,-9.56,-2.93
-0.44,-9.50,-3.18
-0.74,-9.26,-3.07
-0.70,-9.85,-3.00
ets Jun  8 2016 00:22:57

rst:0x1 (POWERON_RESET),boot:0x13 (SPI_FAST_FLASH_BOOT)
configsip: 0, SPIWP:0xee
clk_drv:0x00,q_drv:0x00,d_drv:0x00,cs0_drv:0x00,hd_drv:0x00,wp_drv:0x00
mode:DIO, clock div:1
load:0x3fff0018,len:4
load:0x3fff001c,len:1216
ho 0 tail 12 room 4
load:0x40078000,len:10944
load:0x40080400,len:6388
entry 0x400806b4










-,-,-
-0.24,-9.74,-3.70
-0.76,-9.54,-3.44
-1.15,-9.46,-3.30
-1.33,-9.08,-3.58
-1.10,-9.67,-3.65
-1.02,-9.51,-3.74
-0.81,-9.57,-3.97
-1.07,-9.22,-3.83
-1.03,-9.45,-3.92
-0.82,-9.41,-3.78
-0.92,-9.37,-3.77
-0.91,-9.23,-3.58
-1.07,-8.97,-3.32
-0.79,-9.56,-3.83
-0.40,-9.19,-4.21
0.45,-8.71,-5.26
1.13,-7.81,-6.54
2.32,-6.87,-7.42
3.04,-6.85,-8.19
4.65,-7.63,-8.61
3.39,-8.91,-6.01
1.70,-12.44,-2.26
-1.96,-13.86,1.70
-2.25,-12.14,-0.21
-1.18,-12.29,-1.06
-0.26,-10.77,-3.04
0.37,-10.18,-3.91
0.82,-9.39,-4.71
1.18,-9.06,-4.89
1.21,-9.10,-4.24
1.40,-9.76,-3.12
1.48,-9.93,-1.94
1.62,-10.42,-1.11
1.84,-9.83,-1.24
1.95,-9.61,-2.26
1.58,-9.17,-4.22
1.30,-8.30,-5.90
1.44,-8.43,-8.66
1.84,-8.48,-10.19
1.30,-8.38,-9.52
0.63,-8.13,-7.27
0.32,-8.82,-5.76
0.01,-9.43,-4.72
0.40,-9.58,-4.57
0.46,-9.61,-4.45
0.67,-8.94,-4.25
0.55,-8.86,-4.07
0.46,-8.91,-4.35
0.24,-8.84,-4.02
0.30,-9.33,-4.41
0.25,-9.60,-4.33
0.26,-9.49,-4.21
0.47,-9.43,-4.43
0.40,-9.28,-4.33
0.45,-9.39,-4.54
0.40,-9.12,-4.34
0.18,-8.95,-4.35
0.15,-9.51,-4.56
ets Jun  8 2016 00:22:57

rst:0x1 (POWERON_RESET),boot:0x13 (SPI_FAST_FLASH_BOOT)
configsip: 0, SPIWP:0xee
clk_drv:0x00,q_drv:0x00,d_drv:0x00,cs0_drv:0x00,hd_drv:0x00,wp_drv:0x00
mode:DIO, clock div:1
load:0x3fff0018,len:4
load:0x3fff001c,len:1216
ho 0 tail 12 room 4
load:0x40078000,len:10944
load:0x40080400,len:6388
entry 0x400806b4










-,-,-
1.53,-9.35,-4.84
0.51,-9.06,-4.23
-0.03,-9.40,-4.15
-0.87,-9.22,-3.42
-1.10,-9.77,-3.78
-0.93,-9.76,-3.73
-1.13,-9.34,-4.02
-1.37,-8.72,-4.02
-1.74,-9.24,-4.00
-1.36,-9.74,-4.22
-1.32,-9.69,-4.19
-1.44,-9.50,-4.20
-1.33,-9.38,-3.98
-1.41,-9.11,-3.85
-1.43,-9.44,-3.81
-1.28,-9.09,-3.75
-1.03,-9.03,-3.98
-0.86,-8.49,-4.17
-0.21,-8.79,-5.05
1.58,-8.05,-6.48
4.86,-6.79,-9.83
8.71,-1.17,-11.79
6.43,-8.58,-8.08
-0.91,-12.46,-0.91
-3.86,-15.24,0.67
-2.93,-13.18,0.31
-2.08,-12.61,-0.56
-0.96,-10.90,-1.55
-2.29,-11.40,-1.97
-1.35,-10.90,-3.75
0.17,-9.52,-4.95
0.55,-8.46,-5.33
0.23,-8.03,-4.97
0.01,-8.79,-4.43
0.10,-9.80,-3.93
0.29,-10.39,-2.67
0.77,-10.52,-1.09
1.21,-10.92,-0.62
1.71,-10.42,-0.09
1.14,-10.08,-0.51
0.52,-9.74,-2.76
1.10,-9.18,-6.28
2.62,-9.98,-10.68
1.73,-9.46,-11.68
0.03,-8.18,-8.88
-1.10,-8.71,-6.45
-0.73,-8.63,-5.45
-0.47,-8.76,-4.79
-0.31,-9.26,-4.43
-0.42,-9.08,-4.07
-0.54,-9.12,-4.09
-0.54,-8.96,-4.08
-0.55,-9.02,-4.06
-0.71,-9.09,-3.82
-0.88,-9.17,-3.85
-1.08,-9.41,-3.61
-1.11,-9.55,-3.67
ets Jun  8 2016 00:22:57

rst:0x1 (POWERON_RESET),boot:0x13 (SPI_FAST_FLASH_BOOT)
configsip: 0, SPIWP:0xee
clk_drv:0x00,q_drv:0x00,d_drv:0x00,cs0_drv:0x00,hd_drv:0x00,wp_drv:0x00
mode:DIO, clock div:1
load:0x3fff0018,len:4
load:0x3fff001c,len:1216
ho 0 tail 12 room 4
load:0x40078000,len:10944
load:0x40080400,len:6388
entry 0x400806b4










-,-,-
-1.11,-9.98,-2.98
-1.39,-10.19,-2.89
-1.66,-9.22,-2.26
-1.52,-9.95,-2.84
-1.57,-9.96,-2.70
-1.29,-9.95,-2.98
-1.53,-9.63,-2.94
-1.76,-9.64,-2.88
-1.60,-9.50,-2.98
-1.19,-9.12,-3.11
-1.19,-9.17,-3.31
-0.53,-9.28,-4.11
1.46,-7.52,-5.54
3.62,-6.76,-7.70
5.19,-5.44,-8.44
5.90,-7.10,-7.92
3.73,-9.22,-5.68
-0.02,-13.30,-3.04
-2.66,-15.24,-0.43
-3.11,-13.24,0.87
-3.12,-12.67,0.66
-2.53,-10.29,-0.22
-2.31,-11.37,-1.89
-1.42,-10.14,-2.57
0.27,-9.70,-4.04
0.80,-8.67,-4.28
0.69,-8.33,-4.05
0.39,-9.74,-2.98
0.46,-11.12,-1.72
0.46,-10.59,-0.64
0.68,-11.22,-0.28
1.09,-10.25,-0.14
0.98,-9.91,-1.11
1.56,-9.14,-2.35
2.05,-8.44,-7.34
4.15,-9.40,-12.71
2.70,-8.65,-10.97
0.31,-8.62,-7.28
-0.60,-8.99,-5.47
0.13,-9.60,-4.83
0.16,-9.28,-4.20
-0.09,-9.17,-3.71
-0.28,-9.11,-3.46
-0.18,-9.15,-3.17
-0.35,-9.35,-3.22
-0.01,-9.34,-3.51
-0.43,-9.67,-3.79
ets Jun  8 2016 00:22:57

rst:0x1 (POWERON_RESET),boot:0x13 (SPI_FAST_FLASH_BOOT)
configsip: 0, SPIWP:0xee
clk_drv:0x00,q_drv:0x00,d_drv:0x00,cs0_drv:0x00,hd_drv:0x00,wp_drv:0x00
mode:DIO, clock div:1
load:0x3fff0018,len:4
load:0x3fff001c,len:1216
ho 0 tail 12 room 4
load:0x40078000,len:10944
load:0x40080400,len:6388
entry 0x400806b4










-,-,-
1.69,-9.27,-4.52
1.22,-8.60,-3.81
0.62,-9.69,-3.76
-0.18,-9.37,-3.29
-0.52,-9.70,-3.04
-0.48,-9.23,-3.14
-0.82,-9.79,-3.54
-0.88,-9.22,-3.46
-0.94,-9.96,-3.96
-0.91,-9.96,-3.88
-0.72,-9.52,-3.91
-1.03,-9.56,-3.88
-1.16,-9.37,-3.50
-0.88,-9.23,-3.76
0.01,-8.82,-4.46
2.41,-7.89,-6.28
6.36,-3.62,-9.66
10.97,-3.95,-12.46
8.85,-6.91,-8.32
2.03,-14.31,-2.94
-3.67,-17.30,1.84
-4.45,-15.10,1.91
-3.28,-12.66,0.39
-1.88,-9.73,-1.93
-1.96,-12.60,-2.66
-1.66,-11.36,-2.36
0.72,-9.76,-3.26
1.42,-9.21,-2.42
1.14,-10.92,-0.87
1.16,-11.88,-0.43
1.26,-10.83,0.19
1.21,-10.86,-0.96
1.80,-9.67,-3.57
2.65,-8.74,-9.15
3.34,-9.57,-12.53
1.71,-7.69,-11.24
-0.08,-7.30,-7.94
-0.51,-8.19,-6.18
-0.38,-8.90,-5.07
-0.85,-9.16,-4.34
-0.57,-9.21,-3.69
-0.66,-9.80,-3.58
-0.93,-9.23,-3.30
-0.82,-9.54,-3.57
-0.80,-9.01,-3.54
-0.68,-9.31,-3.65
-0.94,-9.36,-3.52
-1.01,-9.13,-3.51
-0.99,-9.86,-3.49
-1.12,-9.26,-3.38
ets Jun  8 2016 00:22:57

rst:0x1 (POWERON_RESET),boot:0x13 (SPI_FAST_FLASH_BOOT)
configsip: 0, SPIWP:0xee
clk_drv:0x00,q_drv:0x00,d_drv:0x00,cs0_drv:0x00,hd_drv:0x00,wp_drv:0x00
mode:DIO, clock div:1
load:0x3fff0018,len:4
load:0x3fff001c,len:1216
ho 0 tail 12 room 4
load:0x40078000,len:10944
load:0x40080400,len:6388
entry 0x400806b4










-,-,-
-0.83,-9.68,-4.01
-0.95,-9.40,-4.06
-1.05,-9.44,-4.27
-1.10,-9.03,-4.08
-1.07,-9.31,-4.06
-0.85,-8.82,-4.25
-1.06,-9.24,-4.23
-1.07,-9.06,-4.11
-0.78,-9.29,-4.46
-0.27,-8.89,-5.02
1.47,-8.48,-6.62
4.05,-5.71,-8.82
7.76,-3.32,-11.16
8.06,-4.93,-10.44
2.66,-10.36,-6.52
-0.81,-13.21,-3.12
-3.94,-16.35,-1.09
-2.14,-12.25,-1.25
-2.37,-12.16,-3.72
-1.35,-10.83,-2.41
-1.83,-11.39,-3.51
-0.05,-9.03,-4.12
1.04,-8.93,-4.78
0.28,-8.88,-3.49
0.11,-10.79,-2.51
1.05,-10.87,-0.89
1.97,-11.72,0.67
2.83,-10.49,0.35
3.44,-9.91,-1.37
2.79,-8.92,-5.40
2.04,-10.45,-10.57
3.47,-9.16,-12.46
2.24,-10.10,-12.96
1.12,-7.73,-9.30
0.08,-8.08,-6.84
-0.40,-8.06,-5.00
-0.70,-9.11,-4.18
-0.77,-9.06,-3.72
-0.86,-9.64,-3.56
-0.69,-9.24,-3.77
-0.56,-8.91,-3.95
-0.92,-9.23,-3.88
-1.04,-9.42,-3.75
-1.12,-9.38,-3.66
-1.15,-9.29,-3.70
