










-,-,-
-2.54,-7.45,-5.96
-2.93,-7.90,-5.79
-2.77,-7.92,-6.05
-2.87,-7.79,-6.00
-2.68,-7.73,-6.16
-2.73,-7.72,-6.10
-2.80,-7.83,-6.13
-2.82,-7.93,-6.01
-2.87,-7.91,-5.99
-2.72,-7.99,-6.10
-2.72,-7.92,-6.03
-2.73,-7.79,-5.99
-2.83,-7.98,-6.08
-2.85,-7.83,-5.96
-3.32,-7.64,-6.02
-3.95,-7.59,-6.38
-5.25,-6.96,-7.23
-5.05,-6.06,-7.77
-2.10,-6.30,-9.58
0.07,-7.20,-9.74
2.04,-8.38,-9.39
1.85,-9.09,-7.01
3.03,-9.06,-4.59
2.56,-10.94,-0.66
1.48,-11.64,-1.21
0.28,-10.81,0.05
0.13,-9.05,-0.49
-2.56,-8.82,1.77
-3.54,-10.49,0.68
-4.82,-10.62,2.96
-5.33,-12.46,-1.94
-3.63,-9.98,-1.37
-4.20,-10.69,-4.81
-4.33,-8.86,-6.09
-4.06,-7.72,-7.15
-2.90,-8.60,-11.94
-0.87,-6.52,-9.87
1.65,-9.54,-14.74
2.87,-6.20,-9.39
4.35,-8.47,-11.00
4.48,-7.84,-7.79
3.30,-7.76,-6.28
3.36,-8.28,-5.50
2.51,-9.01,-4.03
1.49,-9.79,-2.71
0.44,-10.86,-1.25
-0.85,-10.80,-0.20
-1.77,-10.93,-0.37
-3.80,-9.99,0.53
-4.27,-9.46,-0.86
-4.29,-8.91,-2.03
-3.75,-8.63,-3.00
-3.30,-8.94,-3.73
-2.97,-8.85,-4.57
-2.44,-8.69,-5.04
-2.47,-8.71,-4.96
-3.01,-8.35,-4.65
-3.41,-8.15,-4.08
-3.95,-8.37,-4.24
-3.54,-8.76,-4.87
-3.80,-8.66,-4.15
-3.74,-8.72,-4.99
-4.84,-8.52,-4.52
-3.01,-8.78,-3.99
ets Jun  8 2016 00:22:57

rst:0x1 (POWERON_RESET),boot:0x13 (SPI_FAST_FLASH_BOOT)
flash read err, 1000
ets_main.c 371 
ets Jun  8 2016 00:22:57

rst:0x10 (RTCWDT_RTC_RESET),boot:0x13 (SPI_FAST_FLASH_BOOT)
configsip: 0, SPIWP:0xee
clk_drv:0x00,q_drv:0x00,d_drv:0x00,cs0_drv:0x00,hd_drv:0x00,wp_drv:0x00
mode:DIO, clock div:1
load:0x3fff0018,len:4
load:0x3fff001c,len:1216
ho 0 tail 12 room 4
load:0x40078000,len:10944
load:0x40080400,len:6388
entry 0x400806b4










-,-,-
-2.53,-9.26,-4.14
-2.74,-9.44,-4.47
-2.87,-9.42,-4.41
-2.86,-8.26,-3.24
-2.99,-8.78,-4.02
-2.77,-9.11,-4.05
-3.10,-8.54,-3.90
-2.81,-8.69,-3.93
-2.98,-8.64,-3.59
-2.69,-8.86,-4.07
-2.98,-8.57,-4.42
-3.82,-8.96,-4.59
-3.36,-8.77,-5.42
-2.29,-9.44,-7.58
-0.15,-8.28,-7.89
0.54,-8.82,-8.54
1.62,-7.82,-6.93
2.77,-8.40,-5.46
2.92,-9.04,-3.49
4.88,-9.76,-1.53
4.00,-9.42,-0.79
1.64,-11.13,3.69
-1.57,-10.82,4.59
-4.42,-12.44,5.67
-3.89,-11.10,3.82
-4.43,-11.82,2.14
-5.43,-12.30,-1.30
-5.94,-12.22,-3.46
-5.26,-11.16,-6.63
-2.29,-11.07,-9.87
0.57,-11.12,-10.52
3.12,-11.76,-12.33
3.89,-6.92,-7.16
5.50,-10.30,-8.72
5.15,-9.93,-5.93
4.53,-9.37,-3.60
3.25,-9.27,-1.07
1.85,-10.06,0.73
-0.20,-10.06,1.45
-1.34,-9.24,2.46
-2.65,-9.50,0.86
-3.12,-9.67,0.02
-2.90,-9.49,-1.42
-3.02,-9.43,-2.16
-3.19,-9.26,-2.39
-3.08,-9.33,-2.59
-2.97,-9.06,-2.45
-2.49,-9.52,-3.07
-2.49,-9.16,-2.80
-2.63,-9.56,-2.85
-2.73,-9.50,-2.66
-2.20,-9.31,-2.58
ets Jun  8 2016 00:22:57

rst:0x1 (POWERON_RESET),boot:0x13 (SPI_FAST_FLASH_BOOT)
flash read err, 1000
ets_main.c 371 
ets Jun  8 2016 00:22:57

rst:0x10 (RTCWDT_RTC_RESET),boot:0x13 (SPI_FAST_FLASH_BOOT)
configsip: 0, SPIWP:0xee
clk_drv:0x00,q_drv:0x00,d_drv:0x00,cs0_drv:0x00,hd_drv:0x00,wp_drv:0x00
mode:DIO, clock div:1
load:0x3fff0018,len:4
load:0x3fff001c,len:1216
ho 0 tail 12 room 4
load:0x40078000,len:10944
load:0x40080400,len:6388
entry 0x400806b4










-,-,-
-2.22,-9.28,-3.50
-2.29,-9.25,-3.34
-2.32,-9.22,-3.27
-2.48,-9.00,-3.34
-2.57,-9.14,-3.40
-2.54,-9.11,-3.75
-2.63,-9.23,-4.04
-2.44,-9.11,-4.55
-1.89,-9.47,-5.38
-0.92,-9.46,-6.14
0.74,-8.71,-6.58
2.10,-8.59,-6.31
2.49,-9.00,-3.83
3.09,-8.64,-2.31
1.83,-9.56,0.71
-0.37,-9.92,3.17
-3.37,-10.62,4.18
-3.77,-11.70,3.09
-4.35,-11.61,1.80
-3.04,-11.64,-1.20
-2.77,-10.85,-3.16
-3.72,-10.52,-4.79
-3.38,-10.30,-5.98
-2.88,-10.50,-7.30
-1.75,-9.40,-8.11
0.42,-9.48,-8.86
0.94,-8.60,-8.31
2.16,-8.45,-7.49
3.60,-9.71,-7.76
4.20,-9.41,-6.62
4.07,-9.48,-5.81
3.19,-8.67,-4.28
2.11,-9.44,-2.49
1.26,-10.42,-1.31
0.22,-10.10,0.07
-0.34,-9.53,0.46
-1.50,-9.21,1.06
-2.62,-9.32,0.92
-2.83,-9.63,0.27
-3.38,-10.05,-0.45
-2.91,-9.82,-1.52
-2.70,-9.82,-1.86
-2.52,-9.47,-2.56
-2.10,-9.26,-2.58
-2.05,-9.11,-2.20
-2.56,-9.61,-2.24
-2.29,-9.65,-2.94
-2.47,-9.19,-2.06
ets Jun  8 2016 00:22:57

rst:0x1 (POWERON_RESET),boot:0x13 (SPI_FAST_FLASH_BOOT)
flash read err, 1000
ets_main.c 371 
ets Jun  8 2016 00:22:57

rst:0x10 (RTCWDT_RTC_RESET),boot:0x13 (SPI_FAST_FLASH_BOOT)
configsip: 0, SPIWP:0xee
clk_drv:0x00,q_drv:0x00,d_drv:0x00,cs0_drv:0x00,hd_drv:0x00,wp_drv:0x00
mode:DIO, clock div:1
load:0x3fff0018,len:4
load:0x3fff001c,len:1216
ho 0 tail 12 room 4
load:0x40078000,len:10944
load:0x40080400,len:6388
entry 0x400806b4










-,-,-
-2.23,-9.12,-3.18
-2.51,-9.13,-3.14
-2.76,-9.40,-3.06
-2.75,-9.43,-3.09
-2.68,-9.37,-3.10
-2.49,-9.31,-3.16
-2.47,-9.06,-3.30
-2.45,-9.28,-3.14
-2.51,-9.23,-3.13
-2.67,-9.24,-3.06
-2.81,-9.07,-3.33
-2.38,-9.21,-4.38
-0.99,-9.21,-5.99
1.10,-8.15,-6.73
1.45,-9.08,-5.92
1.41,-10.18,-3.94
1.38,-9.94,-2.71
1.35,-10.59,-1.46
0.83,-10.77,0.24
-0.73,-10.90,0.61
-2.09,-9.70,1.26
-4.44,-10.19,1.11
-3.22,-9.63,-1.11
-3.59,-10.64,-3.18
-3.93,-10.20,-4.63
-3.54,-11.55,-6.63
-2.72,-11.45,-8.42
-1.22,-9.61,-8.44
-0.18,-10.64,-9.88
0.85,-8.00,-8.15
1.70,-9.49,-8.75
2.73,-7.88,-7.20
3.58,-9.15,-7.10
3.73,-9.00,-6.09
3.42,-9.25,-4.96
2.79,-9.03,-3.38
1.69,-9.62,-2.23
-0.28,-10.24,-0.18
-0.89,-10.01,0.14
-1.77,-9.53,0.09
-2.32,-8.94,0.27
-2.53,-9.38,-0.62
-2.88,-9.83,-0.84
-2.85,-9.73,-1.95
-2.59,-9.56,-2.27
-2.56,-9.74,-3.16
-2.49,-9.19,-2.77
-2.16,-8.90,-2.68
-2.57,-9.62,-3.13
ets Jun  8 2016 00:22:57

rst:0x1 (POWERON_RESET),boot:0x13 (SPI_FAST_FLASH_BOOT)
flash read err, 1000
ets_main.c 371 
ets Jun  8 2016 00:22:57

rst:0x10 (RTCWDT_RTC_RESET),boot:0x13 (SPI_FAST_FLASH_BOOT)
configsip: 0, SPIWP:0xee
clk_drv:0x00,q_drv:0x00,d_drv:0x00,cs0_drv:0x00,hd_drv:0x00,wp_drv:0x00
mode:DIO, clock div:1
load:0x3fff0018,len:4
load:0x3fff001c,len:1216
ho 0 tail 12 room 4
load:0x40078000,len:10944
load:0x40080400,len:6388
entry 0x400806b4










-,-,-
-2.67,-9.81,-2.52
-3.12,-9.62,-1.76
-2.73,-9.69,-2.10
-2.86,-9.41,-1.90
-2.95,-9.20,-2.33
-2.76,-9.31,-2.69
-3.01,-9.30,-3.84
-2.25,-9.26,-4.29
-1.48,-9.55,-4.38
-0.20,-10.07,-3.95
0.98,-9.23,-3.84
1.91,-8.96,-3.71
2.19,-10.78,-3.42
1.79,-10.13,-1.56
0.14,-10.86,-0.36
1.19,-9.51,-0.23
0.85,-8.47,-0.23
-1.53,-9.16,1.58
-2.97,-9.70,1.22
-3.98,-10.43,0.92
-4.78,-12.28,-0.82
-5.11,-11.54,-2.44
-4.74,-13.55,-4.97
-3.04,-12.22,-6.58
-0.96,-11.91,-8.92
0.57,-9.33,-8.63
2.28,-10.23,-9.07
3.18,-9.82,-8.10
4.01,-9.79,-6.59
4.54,-9.54,-5.65
4.11,-9.11,-4.06
3.83,-9.05,-2.80
2.60,-9.51,-0.76
0.74,-9.69,0.89
-0.55,-9.53,2.18
-1.31,-8.84,2.53
-2.48,-9.89,2.00
-2.88,-9.24,1.46
-2.77,-9.72,-0.03
-2.63,-10.18,-1.06
-1.98,-9.84,-1.56
-1.89,-9.93,-2.14
-1.73,-9.71,-2.01
-1.56,-9.53,-1.97
-1.71,-9.42,-1.63
ets Jun  8 2016 00:22:57

rst:0x1 (POWERON_RESET),boot:0x13 (SPI_FAST_FLASH_BOOT)
flash read err, 1000
ets_main.c 371 
ets Jun  8 2016 00:22:57

rst:0x10 (RTCWDT_RTC_RESET),boot:0x13 (SPI_FAST_FLASH_BOOT)
configsip: 0, SPIWP:0xee
clk_drv:0x00,q_drv:0x00,d_drv:0x00,cs0_drv:0x00,hd_drv:0x00,wp_drv:0x00
mode:DIO, clock div:1
load:0x3fff0018,len:4
load:0x3fff001c,len:1216
ho 0 tail 12 room 4
load:0x40078000,len:10944
load:0x40080400,len:6388
entry 0x400806b4










-,-,-
-2.19,-9.62,-2.22
-2.15,-9.61,-2.17
-2.17,-9.55,-2.22
-2.21,-9.46,-2.20
-2.44,-9.50,-2.09
-2.38,-9.51,-2.10
-2.48,-9.55,-2.05
-2.31,-9.45,-2.19
-2.20,-9.48,-2.32
-2.15,-9.41,-2.42
-2.21,-9.58,-2.55
-2.28,-9.67,-2.59
-2.25,-9.70,-2.56
-2.22,-9.50,-2.58
-2.11,-9.62,-2.47
-2.21,-9.39,-2.28
-2.02,-9.35,-2.58
-1.35,-9.32,-3.40
-0.04,-9.37,-4.43
0.41,-9.73,-3.88
1.37,-8.96,-3.52
2.12,-9.45,-2.49
2.04,-9.47,-0.87
0.81,-10.47,0.18
0.02,-10.46,0.69
-2.43,-10.18,1.21
-2.92,-10.21,0.47
-4.67,-10.14,0.81
-4.80,-11.98,-1.45
-4.51,-11.78,-2.47
-3.10,-12.53,-4.79
-2.06,-11.76,-5.88
-0.22,-10.85,-6.79
0.20,-10.47,-7.94
2.49,-10.86,-8.46
2.06,-9.55,-7.83
3.43,-10.56,-7.48
2.96,-9.59,-6.12
2.33,-8.81,-4.44
2.82,-9.14,-3.80
2.45,-8.27,-2.56
1.50,-9.16,-2.00
0.89,-8.55,-0.93
-0.07,-9.63,-0.29
-0.54,-9.04,0.27
-2.43,-9.54,1.62
-2.61,-9.55,1.31
-3.00,-9.96,1.13
-2.35,-10.11,-0.13
-1.70,-10.07,-1.37
-1.80,-10.04,-1.85
-1.94,-9.73,-2.25
-2.01,-9.70,-2.12
-1.91,-9.60,-2.29
-1.58,-9.63,-2.06
ets Jun  8 2016 00:22:57

rst:0x1 (POWERON_RESET),boot:0x13 (SPI_FAST_FLASH_BOOT)
flash read err, 1000
ets_main.c 371 
ets Jun  8 2016 00:22:57

rst:0x10 (RTCWDT_RTC_RESET),boot:0x13 (SPI_FAST_FLASH_BOOT)
configsip: 0, SPIWP:0xee
clk_drv:0x00,q_drv:0x00,d_drv:0x00,cs0_drv:0x00,hd_drv:0x00,wp_drv:0x00
mode:DIO, clock div:1
load:0x3fff0018,len:4
load:0x3fff001c,len:1216
ho 0 tail 12 room 4
load:0x40078000,len:10944
load:0x40080400,len:6388
entry 0x400806b4










-,-,-
-2.12,-9.58,-2.54
-2.19,-9.70,-2.57
-2.18,-9.70,-2.52
-1.97,-9.46,-2.38
-2.08,-9.41,-2.38
-1.97,-9.32,-2.54
-1.94,-9.62,-3.21
-1.07,-9.65,-4.59
0.17,-9.63,-6.37
1.35,-7.57,-6.38
0.95,-8.94,-4.59
1.34,-9.47,-2.81
2.21,-9.95,-1.34
2.37,-10.05,-0.90
-0.09,-10.51,1.50
-0.53,-9.85,2.10
-2.19,-10.09,3.04
-2.79,-10.53,1.61
-5.46,-12.05,1.06
-4.42,-11.91,-2.16
-3.64,-11.14,-3.69
-2.74,-12.04,-6.22
-1.59,-11.47,-7.02
-0.85,-11.71,-8.75
0.44,-8.68,-6.61
2.51,-12.00,-9.34
3.37,-9.58,-7.15
4.02,-10.43,-6.80
5.25,-9.64,-5.92
4.73,-9.61,-4.51
3.49,-8.67,-3.00
2.25,-9.22,-1.48
1.07,-9.36,0.24
0.03,-10.12,0.88
-1.01,-9.20,1.94
-1.87,-9.04,1.97
-2.55,-9.27,1.96
-3.05,-9.21,1.30
-3.07,-9.72,0.23
-2.92,-9.61,-0.67
-2.38,-9.82,-1.31
-2.18,-9.58,-1.73
-2.01,-9.45,-1.64
-2.23,-9.70,-1.85
ets Jun  8 2016 00:22:57

rst:0x1 (POWERON_RESET),boot:0x13 (SPI_FAST_FLASH_BOOT)
flash read err, 1000
ets_main.c 371 
ets Jun  8 2016 00:22:57

rst:0x10 (RTCWDT_RTC_RESET),boot:0x13 (SPI_FAST_FLASH_BOOT)
configsip: 0, SPIWP:0xee
clk_drv:0x00,q_drv:0x00,d_drv:0x00,cs0_drv:0x00,hd_drv:0x00,wp_drv:0x00
mode:DIO, clock div:1
load:0x3fff0018,len:4
load:0x3fff001c,len:1216
ho 0 tail 12 room 4
load:0x40078000,len:10944
load:0x40080400,len:6388
entry 0x400806b4










-,-,-
-2.14,-9.39,-2.86
-2.24,-9.45,-2.79
-2.39,-9.46,-2.76
-2.31,-9.46,-2.68
-2.13,-9.45,-2.72
-1.77,-9.37,-2.78
-1.97,-9.24,-2.57
-2.26,-9.29,-2.55
-2.53,-9.51,-2.50
-2.52,-9.69,-2.61
-2.39,-9.65,-2.64
-2.37,-9.71,-3.02
-1.59,-9.73,-4.04
0.00,-9.01,-5.42
2.03,-8.05,-6.15
2.43,-10.23,-4.89
1.91,-9.31,-2.87
1.83,-8.90,-1.00
0.81,-9.57,-0.64
-0.30,-9.81,0.70
-1.07,-9.88,0.22
-2.30,-10.45,0.25
-2.87,-10.75,-0.72
-3.78,-11.28,-0.67
-3.47,-11.61,-3.12
-2.48,-11.48,-5.02
-1.15,-11.26,-6.61
-0.79,-10.24,-7.46
0.89,-12.05,-9.36
1.49,-10.30,-8.08
3.25,-11.45,-8.32
2.90,-9.48,-6.16
3.40,-10.58,-6.02
3.72,-9.31,-4.27
3.79,-9.42,-3.90
3.87,-9.21,-2.55
2.65,-9.18,-2.01
2.38,-9.35,-0.81
1.28,-9.07,0.25
-0.11,-9.58,1.38
-0.70,-9.02,2.06
-2.00,-8.85,2.82
-2.32,-9.00,2.22
-2.56,-9.48,1.78
-2.24,-9.92,0.55
-2.10,-9.98,-0.18
-1.94,-9.83,-0.87
-1.97,-9.85,-1.07
-1.96,-9.86,-1.14
-1.94,-9.69,-1.08
-2.05,-9.78,-0.94
-1.94,-9.53,-0.98
-1.84,-9.77,-1.02
-1.92,-9.67,-0.92
-2.04,-9.38,-0.89
-1.84,-9.56,-0.95
ets Jun  8 2016 00:22:57

rst:0x1 (POWERON_RESET),boot:0x13 (SPI_FAST_FLASH_BOOT)
flash read err, 1000
ets_main.c 371 
ets Jun  8 2016 00:22:57

rst:0x10 (RTCWDT_RTC_RESET),boot:0x13 (SPI_FAST_FLASH_BOOT)
configsip: 0, SPIWP:0xee
clk_drv:0x00,q_drv:0x00,d_drv:0x00,cs0_drv:0x00,hd_drv:0x00,wp_drv:0x00
mode:DIO, clock div:1
load:0x3fff0018,len:4
load:0x3fff001c,len:1216
ho 0 tail 12 room 4
load:0x40078000,len:10944
load:0x40080400,len:6388
entry 0x400806b4










-,-,-
-2.21,-9.41,-3.48
-2.24,-9.35,-3.23
-2.41,-9.23,-3.02
-2.70,-9.06,-2.73
-2.49,-9.09,-3.32
-1.95,-9.44,-3.80
-1.38,-9.61,-4.18
-0.76,-9.65,-4.51
-0.30,-9.71,-4.71
1.16,-8.70,-5.08
3.52,-9.80,-5.76
4.59,-7.34,-4.22
2.19,-9.37,-2.00
1.58,-9.05,-1.18
-1.54,-9.38,-0.23
-3.50,-10.09,0.49
-6.16,-12.04,1.64
-3.86,-11.87,-0.66
-3.03,-11.73,-2.84
-2.00,-12.59,-5.16
-1.83,-11.71,-6.32
-1.75,-12.56,-8.20
-0.11,-11.31,-8.33
0.91,-11.34,-8.49
2.58,-10.31,-7.84
3.45,-10.16,-7.30
3.87,-9.60,-6.43
3.51,-9.15,-5.03
3.20,-9.27,-3.91
2.41,-9.00,-2.65
1.40,-9.45,-1.38
1.46,-9.74,-0.68
-0.28,-9.46,0.24
-0.43,-8.51,0.69
-1.19,-9.45,0.41
-2.22,-9.36,0.72
-2.62,-9.86,-0.22
-2.21,-9.55,-1.18
-2.41,-9.91,-1.84
-2.26,-9.67,-2.05
-2.03,-9.50,-2.21
-2.09,-9.63,-2.15
-2.03,-9.57,-2.15
-1.81,-9.33,-2.01
-2.06,-9.85,-2.13
ets Jun  8 2016 00:22:57

rst:0x1 (POWERON_RESET),boot:0x13 (SPI_FAST_FLASH_BOOT)
flash read err, 1000
ets_main.c 371 
ets Jun  8 2016 00:22:57

rst:0x10 (RTCWDT_RTC_RESET),boot:0x13 (SPI_FAST_FLASH_BOOT)
configsip: 0, SPIWP:0xee
clk_drv:0x00,q_drv:0x00,d_drv:0x00,cs0_drv:0x00,hd_drv:0x00,wp_drv:0x00
mode:DIO, clock div:1
load:0x3fff0018,len:4
load:0x3fff001c,len:1216
ho 0 tail 12 room 4
load:0x40078000,len:10944
load:0x40080400,len:6388
entry 0x400806b4










-,-,-
-2.19,-9.45,-2.52
-2.15,-9.54,-2.68
-2.13,-9.56,-2.74
-2.14,-9.71,-2.64
-2.29,-9.50,-2.45
-2.12,-9.29,-2.40
-2.21,-9.11,-2.58
-1.76,-9.19,-2.77
-1.78,-9.19,-2.87
-1.79,-9.44,-3.11
-2.18,-9.59,-3.25
-2.05,-9.75,-3.96
-1.05,-10.10,-5.64
1.20,-8.41,-6.18
2.99,-8.84,-6.35
2.66,-9.08,-4.10
1.96,-9.65,-1.87
0.97,-9.37,0.71
0.44,-10.67,1.76
-0.03,-10.57,2.37
-0.62,-10.86,1.16
-2.11,-10.70,0.73
-2.39,-10.01,-0.41
-4.66,-11.52,-0.92
-5.53,-12.34,-2.08
-3.46,-14.05,-4.81
-1.41,-12.22,-5.65
-0.56,-12.05,-7.57
0.46,-10.02,-6.99
1.44,-10.50,-7.62
2.72,-10.16,-7.10
3.49,-9.41,-5.82
4.08,-9.86,-5.41
3.98,-8.58,-3.82
3.02,-9.18,-3.14
2.05,-9.12,-1.20
0.34,-10.07,-0.13
-0.23,-9.40,0.63
-1.06,-9.17,0.56
-1.21,-8.95,0.80
-1.85,-9.56,0.49
-2.09,-9.74,-0.10
-2.03,-9.78,-0.63
-2.16,-9.64,-1.26
-1.76,-9.73,-1.78
ets Jun  8 2016 00:22:57

rst:0x1 (POWERON_RESET),boot:0x13 (SPI_FAST_FLASH_BOOT)
flash read err, 1000
ets_main.c 371 
ets Jun  8 2016 00:22:57

rst:0x10 (RTCWDT_RTC_RESET),boot:0x13 (SPI_FAST_FLASH_BOOT)
configsip: 0, SPIWP:0xee
clk_drv:0x00,q_drv:0x00,d_drv:0x00,cs0_drv:0x00,hd_drv:0x00,wp_drv:0x00
mode:DIO, clock div:1
load:0x3fff0018,len:4
load:0x3fff001c,len:1216
ho 0 tail 12 room 4
load:0x40078000,len:10944
load:0x40080400,len:6388
entry 0x400806b4










-,-,-
-2.08,-9.68,-2.78
-2.01,-9.51,-2.75
-1.81,-9.35,-2.79
-1.83,-9.27,-2.83
-1.90,-9.27,-2.80
-2.02,-9.36,-2.82
-1.99,-9.56,-2.87
-2.00,-9.63,-2.79
-2.06,-9.68,-2.65
-2.04,-9.55,-2.66
-2.09,-9.35,-2.66
-2.08,-9.38,-2.69
-2.14,-9.06,-2.83
-2.82,-9.16,-3.12
-2.65,-9.15,-4.22
-0.19,-9.43,-6.22
2.43,-9.54,-7.07
2.73,-8.72,-5.71
2.38,-9.00,-3.54
1.81,-10.18,-1.33
1.09,-9.32,0.05
0.80,-9.50,0.45
-0.32,-10.98,-0.49
-0.01,-10.21,-0.68
-1.32,-10.55,-2.30
-1.42,-9.66,-2.79
-2.47,-10.06,-3.47
-3.27,-10.58,-3.75
-3.70,-10.20,-4.20
-1.55,-11.38,-6.50
0.17,-9.99,-6.92
0.09,-10.30,-7.18
1.12,-10.50,-7.44
0.88,-9.98,-7.21
1.82,-10.13,-7.06
1.92,-9.56,-6.44
2.13,-9.79,-6.09
2.15,-8.55,-5.29
2.09,-9.18,-5.44
2.34,-8.95,-4.55
2.00,-9.32,-4.06
1.95,-9.43,-3.33
2.13,-9.36,-2.97
1.42,-9.67,-2.14
0.05,-9.69,-0.99
-0.37,-9.46,-0.60
-1.09,-10.00,-0.35
-1.04,-8.59,-0.13
-1.84,-9.24,0.06
-2.84,-9.18,0.75
-2.92,-9.82,0.44
-2.56,-10.11,-0.23
-2.17,-10.39,-0.99
-1.80,-9.70,-1.38
-1.85,-9.66,-1.45
-2.00,-9.60,-1.58
-1.95,-9.65,-1.53
-1.97,-9.66,-1.64
-1.88,-9.53,-1.62
-1.79,-9.60,-1.76
-1.90,-9.66,-1.68
-2.20,-9.72,-1.61
ets Jun  8 2016 00:22:57

rst:0x1 (POWERON_RESET),boot:0x13 (SPI_FAST_FLASH_BOOT)
flash read err, 1000
ets_main.c 371 
ets Jun  8 2016 00:22:57

rst:0x10 (RTCWDT_RTC_RESET),boot:0x13 (SPI_FAST_FLASH_BOOT)
configsip: 0, SPIWP:0xee
clk_drv:0x00,q_drv:0x00,d_drv:0x00,cs0_drv:0x00,hd_drv:0x00,wp_drv:0x00
mode:DIO, clock div:1
load:0x3fff0018,len:4
load:0x3fff001c,len:1216
ho 0 tail 12 room 4
load:0x40078000,len:10944
load:0x40080400,len:6388
entry 0x400806b4










-,-,-
-1.97,-9.38,-2.94
-2.11,-9.47,-2.88
-2.05,-9.71,-2.71
-2.00,-9.58,-2.71
-2.05,-9.45,-2.59
-2.04,-9.43,-2.68
-2.14,-9.43,-2.77
-2.14,-9.46,-2.73
-2.09,-9.53,-2.74
-1.87,-9.40,-2.86
-1.99,-9.27,-2.77
-2.18,-9.22,-2.63
-2.42,-9.13,-2.71
-2.48,-9.11,-3.22
-1.92,-9.04,-4.38
-0.36,-9.50,-5.57
1.40,-8.68,-6.16
3.09,-8.18,-5.70
2.19,-9.49,-4.26
1.69,-10.29,-2.78
1.05,-11.45,-0.94
0.12,-11.09,-0.49
-0.59,-9.54,-0.51
-1.61,-9.84,-0.77
-2.52,-9.47,-0.31
-3.33,-9.50,-0.94
-4.27,-11.10,-1.53
-3.39,-10.61,-2.33
-2.23,-11.53,-4.48
-1.45,-11.50,-5.80
-1.17,-9.92,-5.66
-0.05,-12.67,-8.19
0.22,-9.59,-6.14
1.16,-11.76,-7.38
1.47,-9.84,-6.24
2.17,-10.21,-5.92
2.49,-9.61,-5.20
2.13,-8.78,-3.94
2.40,-9.25,-3.86
1.77,-8.51,-2.91
1.26,-8.95,-2.16
0.79,-8.69,-1.43
-0.00,-9.96,-0.71
-0.06,-9.63,-0.28
-0.85,-9.14,0.13
-0.99,-8.98,-0.03
-2.32,-9.74,0.51
-2.62,-10.06,0.33
-2.96,-10.54,0.22
-2.74,-10.21,-0.40
-2.30,-9.96,-0.89
-2.12,-9.73,-1.35
-1.80,-9.66,-1.58
-2.00,-9.36,-1.89
-1.78,-9.71,-1.74
-1.97,-9.63,-1.68
-2.06,-9.54,-1.69
-1.97,-9.53,-1.58
-2.06,-9.46,-1.67
-2.03,-9.94,-1.73
ets Jun  8 2016 00:22:57

rst:0x1 (POWERON_RESET),boot:0x13 (SPI_FAST_FLASH_BOOT)
flash read err, 1000
ets_main.c 371 
ets Jun  8 2016 00:22:57

rst:0x10 (RTCWDT_RTC_RESET),boot:0x13 (SPI_FAST_FLASH_BOOT)
configsip: 0, SPIWP:0xee
clk_drv:0x00,q_drv:0x00,d_drv:0x00,cs0_drv:0x00,hd_drv:0x00,wp_drv:0x00
mode:DIO, clock div:1
load:0x3fff0018,len:4
load:0x3fff001c,len:1216
ho 0 tail 12 room 4
load:0x40078000,len:10944
load:0x40080400,len:6388
entry 0x400806b4










-,-,-
-2.15,-9.55,-2.85
-2.16,-9.54,-2.72
-2.09,-9.47,-2.63
-2.19,-9.58,-2.46
-2.22,-9.55,-2.54
-2.21,-9.51,-2.54
-2.00,-9.37,-2.72
-2.02,-9.48,-2.77
-2.24,-9.40,-2.59
-2.37,-9.36,-2.40
-2.47,-9.31,-2.35
-2.67,-9.23,-2.20
-2.48,-9.57,-2.23
-2.01,-9.46,-3.54
-0.16,-8.63,-6.03
1.53,-8.13,-7.67
2.09,-8.49,-7.08
1.30,-9.29,-4.56
1.55,-10.83,-2.43
1.64,-10.30,-0.86
1.24,-11.66,-1.17
-0.34,-10.63,-0.51
-1.73,-10.14,-0.23
-4.02,-9.72,0.26
-4.30,-9.56,-0.71
-4.74,-10.76,-1.52
-3.71,-10.75,-2.45
-2.76,-10.44,-2.73
-1.12,-12.12,-5.01
-1.36,-10.05,-4.64
-0.63,-12.06,-7.11
-0.14,-9.90,-6.38
0.64,-11.65,-7.71
1.08,-10.00,-6.42
1.17,-10.32,-6.02
2.18,-10.28,-5.51
1.84,-9.10,-4.32
1.96,-10.25,-4.04
1.75,-9.10,-2.85
1.24,-9.52,-2.36
0.57,-8.94,-1.18
0.32,-9.99,-0.87
-0.30,-9.32,0.02
-1.07,-9.42,0.37
-1.75,-9.08,1.05
-2.60,-9.56,1.12
-2.85,-9.60,0.69
-2.82,-9.94,0.05
-2.61,-9.77,-0.67
-2.73,-9.64,-0.77
-2.76,-9.66,-1.04
-2.43,-9.71,-1.27
-2.32,-9.37,-1.59
-2.24,-9.55,-1.59
-2.34,-9.46,-1.43
-2.43,-9.39,-1.61
-2.29,-9.66,-1.34
ets Jun  8 2016 00:22:57

rst:0x1 (POWERON_RESET),boot:0x13 (SPI_FAST_FLASH_BOOT)
flash read err, 1000
ets_main.c 371 
ets Jun  8 2016 00:22:57

rst:0x10 (RTCWDT_RTC_RESET),boot:0x13 (SPI_FAST_FLASH_BOOT)
configsip: 0, SPIWP:0xee
clk_drv:0x00,q_drv:0x00,d_drv:0x00,cs0_drv:0x00,hd_drv:0x00,wp_drv:0x00
mode:DIO, clock div:1
load:0x3fff0018,len:4
load:0x3fff001c,len:1216
ho 0 tail 12 room 4
load:0x40078000,len:10944
load:0x40080400,len:6388
entry 0x400806b4










-,-,-
-2.30,-9.64,-2.64
-2.27,-9.75,-2.53
-2.36,-9.42,-2.24
-2.38,-9.31,-2.34
-2.08,-9.33,-2.46
-2.25,-9.21,-2.44
-2.25,-9.48,-2.55
-2.26,-9.44,-2.57
-2.44,-9.81,-2.64
-2.61,-9.59,-2.82
-2.43,-9.68,-3.74
-0.88,-9.64,-5.76
1.33,-9.32,-6.90
2.65,-8.71,-6.32
2.44,-8.27,-3.96
1.56,-8.66,-1.86
0.37,-9.98,0.79
-0.10,-10.99,1.02
-1.21,-10.39,1.62
-2.38,-11.16,0.72
-2.99,-10.23,-0.24
-2.95,-10.01,-1.73
-5.29,-10.64,-1.95
-3.74,-10.74,-3.78
-2.44,-11.78,-5.98
-1.05,-10.98,-7.07
-0.35,-11.05,-7.73
0.49,-11.08,-8.13
1.11,-11.86,-8.42
1.49,-10.75,-6.56
1.45,-10.49,-5.77
1.98,-9.60,-4.69
2.62,-9.98,-4.31
2.32,-9.37,-3.36
2.06,-9.03,-2.63
1.61,-9.18,-1.81
1.75,-8.61,-1.13
0.88,-8.71,-0.23
0.11,-9.31,0.30
-0.52,-8.65,1.58
-2.00,-9.83,1.36
-2.56,-9.27,2.18
-3.28,-10.14,1.93
-3.01,-9.96,1.60
-2.38,-10.06,0.61
-1.82,-9.57,-0.23
-1.57,-9.82,-0.68
ets Jun  8 2016 00:22:57

rst:0x1 (POWERON_RESET),boot:0x13 (SPI_FAST_FLASH_BOOT)
flash read err, 1000
ets_main.c 371 
ets Jun  8 2016 00:22:57

rst:0x10 (RTCWDT_RTC_RESET),boot:0x13 (SPI_FAST_FLASH_BOOT)
configsip: 0, SPIWP:0xee
clk_drv:0x00,q_drv:0x00,d_drv:0x00,cs0_drv:0x00,hd_drv:0x00,wp_drv:0x00
mode:DIO, clock div:1
load:0x3fff0018,len:4
load:0x3fff001c,len:1216
ho 0 tail 12 room 4
load:0x40078000,len:10944
load:0x40080400,len:6388
entry 0x400806b4










-,-,-
-2.07,-9.75,-2.38
-2.06,-9.70,-2.26
-2.11,-9.63,-2.13
-1.98,-9.40,-2.21
-2.05,-9.44,-2.26
-2.07,-9.52,-2.44
-1.96,-9.59,-2.44
-2.07,-9.56,-2.49
-2.00,-9.55,-2.34
-2.10,-9.50,-2.25
-2.24,-9.56,-2.11
-2.10,-9.41,-2.21
-2.07,-9.18,-2.49
-1.87,-9.30,-3.07
-1.42,-9.83,-4.30
-0.52,-9.26,-5.58
0.23,-9.89,-6.41
0.05,-9.06,-4.65
0.95,-9.42,-4.56
1.92,-9.74,-3.22
1.46,-9.58,-1.96
0.23,-9.77,-0.56
0.48,-9.85,-1.10
-0.06,-9.38,-0.96
-3.45,-10.29,0.94
-3.28,-10.08,-0.02
-2.90,-10.22,-0.96
-3.98,-11.15,-1.70
-3.57,-11.08,-2.55
-2.48,-12.45,-5.09
-1.60,-11.47,-6.16
-1.02,-11.18,-6.61
-0.66,-11.16,-7.41
0.05,-11.36,-7.34
0.98,-11.28,-7.50
0.92,-9.89,-5.56
2.53,-10.83,-5.87
2.73,-9.21,-3.96
3.22,-9.75,-3.90
3.87,-8.89,-2.82
2.58,-8.73,-1.47
1.21,-8.77,0.26
-0.11,-8.69,1.39
-1.07,-9.99,1.96
-1.71,-9.64,1.64
-1.97,-10.18,1.10
-1.53,-9.36,0.02
-1.73,-9.81,-0.35
-1.96,-9.98,-0.69
-1.91,-10.09,-0.79
-1.76,-10.05,-1.05
-1.65,-9.66,-1.11
-1.46,-9.58,-1.31
-1.61,-9.60,-1.48
-1.47,-9.53,-1.52
-1.69,-9.93,-1.44
ets Jun  8 2016 00:22:57

rst:0x1 (POWERON_RESET),boot:0x13 (SPI_FAST_FLASH_BOOT)
flash read err, 1000
ets_main.c 371 
ets Jun  8 2016 00:22:57

rst:0x10 (RTCWDT_RTC_RESET),boot:0x13 (SPI_FAST_FLASH_BOOT)
configsip: 0, SPIWP:0xee
clk_drv:0x00,q_drv:0x00,d_drv:0x00,cs0_drv:0x00,hd_drv:0x00,wp_drv:0x00
mode:DIO, clock div:1
load:0x3fff0018,len:4
load:0x3fff001c,len:1216
ho 0 tail 12 room 4
load:0x40078000,len:10944
load:0x40080400,len:6388
entry 0x400806b4










-,-,-
-1.93,-9.49,-2.80
-1.96,-9.75,-2.75
-2.09,-9.76,-2.55
-2.06,-9.68,-2.42
-1.93,-9.41,-2.52
-1.75,-9.47,-2.76
-1.39,-9.25,-2.97
-1.84,-9.24,-2.97
-2.09,-9.57,-2.72
-2.40,-9.58,-2.32
-2.43,-9.49,-2.07
-2.42,-9.56,-2.35
-2.64,-9.07,-2.89
-2.37,-8.77,-4.05
-1.19,-8.79,-5.50
1.90,-8.42,-6.67
3.74,-9.48,-7.33
3.35,-8.83,-5.51
2.49,-11.06,-2.67
2.34,-10.73,-0.88
1.63,-11.01,0.10
0.18,-11.46,1.53
-1.05,-10.06,0.56
-2.15,-10.73,0.43
-3.32,-9.84,-0.24
-4.91,-11.17,-0.76
-4.01,-11.31,-2.03
-2.83,-10.24,-2.95
-1.73,-11.79,-5.68
-1.14,-10.54,-6.05
-0.89,-11.32,-7.33
0.22,-11.25,-7.98
0.65,-10.26,-7.10
2.16,-11.03,-7.50
2.50,-9.63,-5.62
3.05,-10.49,-5.16
2.64,-9.36,-3.86
2.26,-9.24,-3.14
1.84,-9.00,-2.26
1.32,-9.15,-1.37
0.71,-9.29,-0.80
-0.05,-8.94,0.28
-1.58,-9.67,0.41
-1.94,-9.12,0.94
-2.17,-9.61,0.31
-1.94,-9.91,-0.40
-1.90,-9.80,-0.93
-1.90,-9.96,-1.49
-1.79,-9.72,-1.79
-1.77,-9.38,-1.93
-1.79,-9.51,-1.76
ets Jun  8 2016 00:22:57

rst:0x1 (POWERON_RESET),boot:0x13 (SPI_FAST_FLASH_BOOT)
flash read err, 1000
ets_main.c 371 
ets Jun  8 2016 00:22:57

rst:0x10 (RTCWDT_RTC_RESET),boot:0x13 (SPI_FAST_FLASH_BOOT)
configsip: 0, SPIWP:0xee
clk_drv:0x00,q_drv:0x00,d_drv:0x00,cs0_drv:0x00,hd_drv:0x00,wp_drv:0x00
mode:DIO, clock div:1
load:0x3fff0018,len:4
load:0x3fff001c,len:1216
ho 0 tail 12 room 4
load:0x40078000,len:10944
load:0x40080400,len:6388
entry 0x400806b4










-,-,-
-2.26,-9.50,-2.50
-2.21,-9.61,-2.37
-2.35,-9.54,-2.22
-2.25,-9.52,-2.23
-2.25,-9.41,-2.28
-2.25,-9.39,-2.32
-2.42,-9.56,-2.22
-2.50,-9.69,-2.08
-2.43,-9.57,-1.96
-2.63,-9.50,-1.54
-2.65,-9.25,-1.37
-2.84,-9.37,-0.97
-3.06,-9.96,-1.44
-2.85,-8.92,-3.19
-2.18,-7.76,-5.46
-0.47,-8.05,-7.27
1.47,-9.54,-7.22
1.54,-10.71,-5.75
1.08,-9.87,-3.62
0.35,-10.71,-1.05
1.12,-10.72,-0.02
1.45,-10.41,0.12
2.03,-10.96,-0.63
1.33,-10.22,0.18
-0.74,-10.16,-0.63
-2.91,-9.04,0.17
-3.74,-8.91,-0.59
-4.94,-9.87,-1.05
-4.52,-10.60,-2.52
-3.03,-11.53,-4.45
-1.79,-11.86,-6.58
-0.87,-10.55,-6.49
-0.15,-12.86,-8.57
0.30,-10.12,-6.98
1.07,-12.07,-8.08
1.75,-9.80,-6.24
2.15,-10.69,-6.23
2.96,-9.67,-5.10
2.06,-8.93,-4.14
1.85,-8.90,-3.05
1.98,-8.94,-2.41
1.57,-8.93,-1.78
0.56,-8.86,-0.58
-0.56,-8.95,0.31
-1.31,-9.10,0.19
-1.63,-9.18,0.10
-2.51,-9.62,-0.11
-2.94,-10.04,-0.27
-3.07,-10.07,-0.54
-2.45,-9.88,-1.26
-2.25,-9.71,-1.53
-2.06,-9.67,-1.75
-1.95,-9.55,-1.92
-1.84,-9.42,-2.08
-1.83,-9.64,-1.97
-2.03,-9.66,-1.98
-2.06,-9.58,-1.95
-2.17,-9.73,-1.86
-2.13,-9.61,-1.93
-2.17,-9.76,-1.78
ets Jun  8 2016 00:22:57

rst:0x1 (POWERON_RESET),boot:0x13 (SPI_FAST_FLASH_BOOT)
flash read err, 1000
ets_main.c 371 
ets Jun  8 2016 00:22:57

rst:0x10 (RTCWDT_RTC_RESET),boot:0x13 (SPI_FAST_FLASH_BOOT)
configsip: 0, SPIWP:0xee
clk_drv:0x00,q_drv:0x00,d_drv:0x00,cs0_drv:0x00,hd_drv:0x00,wp_drv:0x00
mode:DIO, clock div:1
load:0x3fff0018,len:4
load:0x3fff001c,len:1216
ho 0 tail 12 room 4
load:0x40078000,len:10944
load:0x40080400,len:6388
entry 0x400806b4










-,-,-
-1.62,-9.75,-2.89
-1.63,-9.81,-2.71
-1.51,-9.63,-2.53
-1.67,-9.46,-2.34
-1.79,-9.45,-2.20
-1.99,-9.80,-1.86
-2.34,-9.90,-2.07
-2.34,-9.04,-3.37
-2.36,-9.43,-5.46
-1.00,-8.54,-6.47
1.03,-9.75,-7.53
1.90,-9.12,-6.20
1.90,-9.17,-4.45
1.22,-10.14,-1.93
1.15,-10.98,-0.46
2.09,-10.12,-0.19
1.03,-10.25,-0.71
-0.42,-9.63,-1.22
-1.68,-9.86,-1.22
-4.08,-10.07,-0.18
-4.93,-9.54,-0.60
-5.56,-10.79,-1.34
-4.31,-10.72,-2.52
-2.16,-11.92,-5.66
-1.68,-10.38,-6.29
-0.92,-11.08,-7.91
0.04,-10.09,-7.54
1.31,-11.60,-8.56
1.72,-10.04,-6.99
2.05,-9.94,-6.03
3.23,-10.35,-5.62
1.90,-9.24,-3.81
2.61,-9.19,-3.59
2.31,-9.45,-3.12
1.87,-9.18,-2.31
1.17,-9.49,-1.45
0.57,-9.18,-0.38
-0.19,-9.29,0.61
-0.66,-9.55,0.72
-1.99,-8.97,1.81
-2.91,-9.63,1.89
-3.17,-9.91,2.26
-2.12,-9.90,0.82
-1.40,-9.74,-0.29
-1.55,-9.43,-1.19
-1.30,-9.52,-0.41
-2.16,-10.08,-1.37
ets Jun  8 2016 00:22:57

rst:0x1 (POWERON_RESET),boot:0x13 (SPI_FAST_FLASH_BOOT)
flash read err, 1000
ets_main.c 371 
ets Jun  8 2016 00:22:57

rst:0x10 (RTCWDT_RTC_RESET),boot:0x13 (SPI_FAST_FLASH_BOOT)
configsip: 0, SPIWP:0xee
clk_drv:0x00,q_drv:0x00,d_drv:0x00,cs0_drv:0x00,hd_drv:0x00,wp_drv:0x00
mode:DIO, clock div:1
load:0x3fff0018,len:4
load:0x3fff001c,len:1216
ho 0 tail 12 room 4
load:0x40078000,len:10944
load:0x40080400,len:6388
entry 0x400806b4










-,-,-
-1.84,-9.62,-2.63
-1.86,-9.68,-2.66
-1.98,-9.76,-2.31
-2.20,-9.71,-2.17
-2.16,-9.75,-2.07
-1.97,-9.50,-2.22
-1.84,-9.33,-2.32
-1.71,-9.48,-2.54
-2.04,-9.69,-2.44
-2.12,-9.60,-2.15
-2.16,-9.86,-2.10
-2.04,-9.76,-2.13
-2.09,-9.33,-2.02
-2.14,-9.12,-1.97
-2.33,-9.47,-1.89
-2.47,-9.47,-1.60
-2.47,-9.61,-1.73
-2.47,-9.60,-2.00
-2.45,-9.40,-2.51
-2.56,-9.35,-3.10
-1.98,-9.66,-4.01
-0.91,-10.13,-5.08
0.28,-10.25,-5.39
1.09,-9.84,-4.87
1.75,-9.87,-3.92
2.59,-10.15,-2.99
1.30,-10.85,-1.36
1.75,-9.49,-0.88
1.57,-9.24,-0.67
-0.89,-8.54,0.47
-2.64,-9.58,0.14
-3.93,-9.88,1.12
-5.03,-10.25,0.55
-5.75,-10.90,0.38
-3.74,-11.28,-1.75
-1.74,-12.47,-4.90
-0.85,-10.69,-5.04
-0.28,-12.86,-6.88
-0.10,-10.40,-5.50
-0.32,-12.16,-6.50
0.87,-10.67,-5.75
1.05,-11.91,-6.04
1.44,-10.05,-4.60
1.75,-10.48,-4.50
2.27,-9.70,-4.05
1.69,-8.92,-3.19
2.12,-9.40,-2.81
1.41,-8.83,-1.93
0.94,-9.39,-1.18
0.84,-9.28,-0.33
-0.74,-9.47,1.07
-1.11,-8.65,1.90
-2.37,-9.29,2.17
-2.47,-9.19,1.95
-2.42,-10.02,0.99
-2.21,-10.14,0.17
-2.04,-9.98,-0.60
-2.04,-9.66,-1.04
-2.07,-9.49,-1.24
-2.30,-9.53,-0.77
ets Jun  8 2016 00:22:57

rst:0x1 (POWERON_RESET),boot:0x13 (SPI_FAST_FLASH_BOOT)
flash read err, 1000
ets_main.c 371 
ets Jun  8 2016 00:22:57

rst:0x10 (RTCWDT_RTC_RESET),boot:0x13 (SPI_FAST_FLASH_BOOT)
configsip: 0, SPIWP:0xee
clk_drv:0x00,q_drv:0x00,d_drv:0x00,cs0_drv:0x00,hd_drv:0x00,wp_drv:0x00
mode:DIO, clock div:1
load:0x3fff0018,len:4
load:0x3fff001c,len:1216
ho 0 tail 12 room 4
load:0x40078000,len:10944
load:0x40080400,len:6388
entry 0x400806b4










-,-,-
-1.97,-9.73,-2.37
-2.10,-9.89,-2.17
-2.03,-9.72,-2.20
-2.02,-9.49,-2.20
-1.95,-9.46,-2.20
-1.84,-9.32,-2.33
-1.90,-9.36,-2.36
-1.79,-9.49,-2.48
-1.91,-9.60,-2.47
-2.15,-9.59,-2.19
-2.27,-9.54,-2.00
-2.62,-9.49,-1.73
-2.72,-8.98,-1.37
-3.09,-8.72,-1.30
-3.21,-8.42,-1.92
-2.94,-8.70,-2.89
-0.94,-10.79,-5.84
0.80,-10.96,-6.55
2.09,-11.08,-6.55
1.82,-10.24,-4.79
1.27,-9.97,-2.44
1.19,-10.52,-1.18
1.73,-9.72,0.26
1.40,-9.89,-0.11
0.65,-9.65,0.80
0.69,-10.09,0.98
-2.32,-10.02,1.70
-2.40,-9.99,0.90
-3.61,-9.32,1.37
-4.22,-9.50,1.51
-5.25,-10.91,0.43
-4.47,-10.84,-0.80
-3.43,-13.15,-4.12
-2.00,-11.76,-5.05
-1.64,-12.27,-6.11
-0.75,-11.23,-5.38
-0.29,-11.20,-5.65
0.60,-10.07,-4.65
1.59,-10.72,-5.31
1.81,-9.92,-4.21
2.11,-9.79,-3.82
1.48,-9.32,-2.86
1.23,-8.73,-2.09
1.10,-9.86,-1.80
0.74,-9.63,-1.10
0.58,-9.29,-0.65
0.26,-9.25,0.24
-0.64,-9.09,0.63
-1.26,-9.59,0.74
-2.47,-9.84,1.14
-2.95,-9.54,1.19
-3.51,-10.24,0.85
-3.01,-10.16,0.47
-2.22,-10.14,-0.49
-1.83,-9.74,-1.36
-1.79,-9.45,-1.75
-1.84,-9.28,-1.98
-1.95,-9.24,-1.87
-2.08,-9.19,-1.79
-2.09,-9.24,-1.65
-2.30,-9.93,-1.63
ets Jun  8 2016 00:22:57

rst:0x1 (POWERON_RESET),boot:0x13 (SPI_FAST_FLASH_BOOT)
flash read err, 1000
ets_main.c 371 
ets Jun  8 2016 00:22:57

rst:0x10 (RTCWDT_RTC_RESET),boot:0x13 (SPI_FAST_FLASH_BOOT)
configsip: 0, SPIWP:0xee
clk_drv:0x00,q_drv:0x00,d_drv:0x00,cs0_drv:0x00,hd_drv:0x00,wp_drv:0x00
mode:DIO, clock div:1
load:0x3fff0018,len:4
load:0x3fff001c,len:1216
ho 0 tail 12 room 4
load:0x40078000,len:10944
load:0x40080400,len:6388
entry 0x400806b4










-,-,-
-2.22,-9.61,-2.48
-2.43,-9.74,-2.17
-2.43,-9.64,-1.96
-2.06,-9.39,-2.06
-2.11,-9.27,-2.05
-2.23,-9.39,-2.01
-2.29,-9.43,-2.08
-2.28,-9.46,-2.10
-2.11,-9.57,-2.15
-2.21,-9.50,-1.95
-2.40,-9.54,-1.56
-2.40,-9.62,-1.11
-2.70,-9.62,-0.62
-2.66,-9.67,-1.31
-2.88,-9.57,-2.61
-2.67,-9.05,-4.46
-1.02,-9.44,-6.51
0.60,-9.73,-7.14
1.86,-9.73,-6.27
1.84,-9.41,-4.03
1.64,-10.09,-1.96
2.63,-10.81,-0.41
1.37,-9.52,0.13
0.95,-10.44,-0.63
-0.06,-9.05,-0.07
-1.52,-10.41,0.53
-2.42,-9.87,1.02
-3.66,-10.67,0.66
-6.01,-11.80,1.21
-5.72,-12.18,-0.67
-3.65,-11.73,-2.36
-2.08,-12.72,-5.47
-1.97,-11.04,-5.83
-0.28,-13.01,-8.16
-0.16,-9.87,-6.11
0.85,-12.33,-7.22
2.02,-10.11,-6.26
2.25,-10.28,-5.47
2.92,-9.97,-5.03
2.18,-8.70,-3.42
1.62,-8.99,-2.61
1.68,-8.53,-1.34
1.23,-9.44,-0.32
0.82,-8.60,0.50
-0.25,-8.68,1.42
-1.52,-8.64,2.19
-2.49,-9.63,2.47
-2.27,-9.84,1.87
-2.45,-10.12,1.01
-2.09,-10.55,0.16
-2.32,-10.17,-0.29
-2.06,-9.91,-0.66
-1.90,-9.55,-0.96
-2.03,-9.39,-0.97
